0 1 1.86 
0 2 80.88 
0 3 61.49 
0 4 20.19 
0 5 47.52 
0 6 21.81 
0 7 3.77 
0 8 78.32 
0 9 7.11 
0 10 6.25 
0 11 81.42 
0 12 32.94 
0 13 20.59 
0 14 72.29 
0 15 24.39 
0 16 88.96 
0 17 14.61 
0 18 85.06 
0 19 69.65 
0 20 25.71 
0 21 74.80 
0 22 37.95 
0 23 36.34 
0 24 8.88 
0 25 47.51 
0 26 12.81 
0 27 11.51 
0 28 25.34 
0 29 65.04 
0 30 63.72 
0 31 54.15 
0 32 66.89 
0 33 44.60 
0 34 15.64 
0 35 87.09 
0 36 92.11 
0 37 37.45 
0 38 90.86 
0 39 70.43 
0 40 44.56 
0 41 97.11 
0 42 51.86 
0 43 77.50 
0 44 17.70 
0 45 24.15 
0 46 1.89 
0 47 6.67 
0 48 38.76 
0 49 86.95 
0 50 76.32 
0 51 64.47 
0 52 61.76 
0 53 14.27 
0 54 0.81 
0 55 70.63 
0 56 61.78 
0 57 13.61 
0 58 82.15 
0 59 87.13 
0 60 78.65 
0 61 45.86 
0 62 41.28 
0 63 45.54 
0 64 90.46 
0 65 56.92 
0 66 32.63 
0 67 82.57 
0 68 94.37 
0 69 23.49 
0 70 53.01 
0 71 38.93 
0 72 20.60 
0 73 4.86 
0 74 16.43 
0 75 38.30 
0 76 29.01 
0 77 18.32 
0 78 44.97 
0 79 67.78 
0 80 5.27 
0 81 21.28 
0 82 32.24 
0 83 67.03 
0 84 35.56 
0 85 33.05 
0 86 37.67 
0 87 97.34 
0 88 46.66 
0 89 19.81 
0 90 84.46 
0 91 25.31 
0 92 65.68 
0 93 25.74 
0 94 70.85 
0 95 56.14 
0 96 82.66 
0 97 3.48 
0 98 38.71 
0 99 77.02 
1 2 26.97 
1 3 91.72 
1 4 15.95 
1 5 47.56 
1 6 96.58 
1 7 32.38 
1 8 85.86 
1 9 25.59 
1 10 50.71 
1 11 30.83 
1 12 93.37 
1 13 55.98 
1 14 52.11 
1 15 25.62 
1 16 23.01 
1 17 87.67 
1 18 58.66 
1 19 60.68 
1 20 85.01 
1 21 5.33 
1 22 80.49 
1 23 69.47 
1 24 30.63 
1 25 46.16 
1 26 95.21 
1 27 1.49 
1 28 2.30 
1 29 77.87 
1 30 4.97 
1 31 41.01 
1 32 54.90 
1 33 31.93 
1 34 32.72 
1 35 70.85 
1 36 79.49 
1 37 29.30 
1 38 3.23 
1 39 65.35 
1 40 54.90 
1 41 53.94 
1 42 96.18 
1 43 48.27 
1 44 9.92 
1 45 48.30 
1 46 73.88 
1 47 32.93 
1 48 35.97 
1 49 32.55 
1 50 93.60 
1 51 20.97 
1 52 37.87 
1 53 74.09 
1 54 90.45 
1 55 68.51 
1 56 20.25 
1 57 85.66 
1 58 69.99 
1 59 22.55 
1 60 63.53 
1 61 74.96 
1 62 63.56 
1 63 18.43 
1 64 6.89 
1 65 96.28 
1 66 89.28 
1 67 86.38 
1 68 25.58 
1 69 92.51 
1 70 51.74 
1 71 80.48 
1 72 46.45 
1 73 47.92 
1 74 28.75 
1 75 56.36 
1 76 96.22 
1 77 2.64 
1 78 89.29 
1 79 32.18 
1 80 35.18 
1 81 82.89 
1 82 53.16 
1 83 73.06 
1 84 56.98 
1 85 43.61 
1 86 41.56 
1 87 77.24 
1 88 29.27 
1 89 11.56 
1 90 99.79 
1 91 92.80 
1 92 86.52 
1 93 63.35 
1 94 11.24 
1 95 93.41 
1 96 59.63 
1 97 0.52 
1 98 79.79 
1 99 85.21 
2 3 93.03 
2 4 31.53 
2 5 65.69 
2 6 39.47 
2 7 79.45 
2 8 94.45 
2 9 95.84 
2 10 75.67 
2 11 97.08 
2 12 85.13 
2 13 7.86 
2 14 32.27 
2 15 68.02 
2 16 61.02 
2 17 5.32 
2 18 25.00 
2 19 4.62 
2 20 46.89 
2 21 2.24 
2 22 33.89 
2 23 58.44 
2 24 2.03 
2 25 26.70 
2 26 44.96 
2 27 65.37 
2 28 37.93 
2 29 38.37 
2 30 25.00 
2 31 38.45 
2 32 18.17 
2 33 10.21 
2 34 31.48 
2 35 49.70 
2 36 75.90 
2 37 70.95 
2 38 29.15 
2 39 70.35 
2 40 66.79 
2 41 4.82 
2 42 67.43 
2 43 51.92 
2 44 12.68 
2 45 99.70 
2 46 19.94 
2 47 73.69 
2 48 5.02 
2 49 44.95 
2 50 78.32 
2 51 51.91 
2 52 47.19 
2 53 12.21 
2 54 10.35 
2 55 49.21 
2 56 38.91 
2 57 55.31 
2 58 14.58 
2 59 76.84 
2 60 93.68 
2 61 39.58 
2 62 15.29 
2 63 11.85 
2 64 49.79 
2 65 46.77 
2 66 61.55 
2 67 25.70 
2 68 17.72 
2 69 90.70 
2 70 96.05 
2 71 84.51 
2 72 95.52 
2 73 63.48 
2 74 36.43 
2 75 8.19 
2 76 63.18 
2 77 56.37 
2 78 81.89 
2 79 68.20 
2 80 1.32 
2 81 60.20 
2 82 20.10 
2 83 48.51 
2 84 72.41 
2 85 30.45 
2 86 97.72 
2 87 11.32 
2 88 85.76 
2 89 12.30 
2 90 88.16 
2 91 79.45 
2 92 51.89 
2 93 3.46 
2 94 91.29 
2 95 1.68 
2 96 50.23 
2 97 52.84 
2 98 27.38 
2 99 67.95 
3 4 43.54 
3 5 23.42 
3 6 52.46 
3 7 39.05 
3 8 86.90 
3 9 88.89 
3 10 47.25 
3 11 50.08 
3 12 45.27 
3 13 29.13 
3 14 18.28 
3 15 46.59 
3 16 89.34 
3 17 38.38 
3 18 95.10 
3 19 61.75 
3 20 68.83 
3 21 92.82 
3 22 73.07 
3 23 54.59 
3 24 5.12 
3 25 61.24 
3 26 34.04 
3 27 57.01 
3 28 64.69 
3 29 25.33 
3 30 58.69 
3 31 14.92 
3 32 78.17 
3 33 86.06 
3 34 82.87 
3 35 21.71 
3 36 9.49 
3 37 35.33 
3 38 60.76 
3 39 96.39 
3 40 24.22 
3 41 8.01 
3 42 46.47 
3 43 69.49 
3 44 37.14 
3 45 64.75 
3 46 16.08 
3 47 26.48 
3 48 3.13 
3 49 11.18 
3 50 88.23 
3 51 71.96 
3 52 3.99 
3 53 61.30 
3 54 26.55 
3 55 9.11 
3 56 22.54 
3 57 60.59 
3 58 66.12 
3 59 87.24 
3 60 85.93 
3 61 24.80 
3 62 2.16 
3 63 64.10 
3 64 10.87 
3 65 85.03 
3 66 85.81 
3 67 20.35 
3 68 20.36 
3 69 46.57 
3 70 16.74 
3 71 44.58 
3 72 54.58 
3 73 63.22 
3 74 14.07 
3 75 91.72 
3 76 27.96 
3 77 30.15 
3 78 18.20 
3 79 31.09 
3 80 41.33 
3 81 6.43 
3 82 3.05 
3 83 45.32 
3 84 67.73 
3 85 29.60 
3 86 54.43 
3 87 90.27 
3 88 90.19 
3 89 20.55 
3 90 77.51 
3 91 76.12 
3 92 45.35 
3 93 79.66 
3 94 40.22 
3 95 56.22 
3 96 64.69 
3 97 26.03 
3 98 76.57 
3 99 85.05 
4 5 72.61 
4 6 93.32 
4 7 29.63 
4 8 27.19 
4 9 56.53 
4 10 43.71 
4 11 18.91 
4 12 84.50 
4 13 73.86 
4 14 37.11 
4 15 15.59 
4 16 15.19 
4 17 43.53 
4 18 18.64 
4 19 60.51 
4 20 11.26 
4 21 48.24 
4 22 14.94 
4 23 1.53 
4 24 38.43 
4 25 35.49 
4 26 79.04 
4 27 14.55 
4 28 80.84 
4 29 58.71 
4 30 54.77 
4 31 37.06 
4 32 23.40 
4 33 80.81 
4 34 13.63 
4 35 8.45 
4 36 53.41 
4 37 6.95 
4 38 38.08 
4 39 80.60 
4 40 63.49 
4 41 81.78 
4 42 99.51 
4 43 47.99 
4 44 55.64 
4 45 36.61 
4 46 63.58 
4 47 70.83 
4 48 80.14 
4 49 82.22 
4 50 31.34 
4 51 91.41 
4 52 30.46 
4 53 46.28 
4 54 92.94 
4 55 68.89 
4 56 81.76 
4 57 71.98 
4 58 83.44 
4 59 62.60 
4 60 30.69 
4 61 38.22 
4 62 99.66 
4 63 54.09 
4 64 19.03 
4 65 13.30 
4 66 62.53 
4 67 72.44 
4 68 20.25 
4 69 0.61 
4 70 53.04 
4 71 83.74 
4 72 82.39 
4 73 52.54 
4 74 31.73 
4 75 38.04 
4 76 89.15 
4 77 95.30 
4 78 8.87 
4 79 69.30 
4 80 77.52 
4 81 40.20 
4 82 60.71 
4 83 7.97 
4 84 86.48 
4 85 53.65 
4 86 76.86 
4 87 68.24 
4 88 25.63 
4 89 60.31 
4 90 30.85 
4 91 56.32 
4 92 98.53 
4 93 30.51 
4 94 10.41 
4 95 17.55 
4 96 43.81 
4 97 72.94 
4 98 89.99 
4 99 64.06 
5 6 73.55 
5 7 43.03 
5 8 47.80 
5 9 55.94 
5 10 95.57 
5 11 79.52 
5 12 93.98 
5 13 84.72 
5 14 74.83 
5 15 2.85 
5 16 54.02 
5 17 52.34 
5 18 43.05 
5 19 14.72 
5 20 60.32 
5 21 29.53 
5 22 68.37 
5 23 37.18 
5 24 97.78 
5 25 94.00 
5 26 97.49 
5 27 28.62 
5 28 50.33 
5 29 96.02 
5 30 59.13 
5 31 60.74 
5 32 13.57 
5 33 2.94 
5 34 33.68 
5 35 3.56 
5 36 67.00 
5 37 7.23 
5 38 46.59 
5 39 14.80 
5 40 63.17 
5 41 42.15 
5 42 94.32 
5 43 57.15 
5 44 26.87 
5 45 69.15 
5 46 59.99 
5 47 80.89 
5 48 21.49 
5 49 3.04 
5 50 95.61 
5 51 81.81 
5 52 32.58 
5 53 63.98 
5 54 18.99 
5 55 30.35 
5 56 57.99 
5 57 16.48 
5 58 58.97 
5 59 8.31 
5 60 12.49 
5 61 18.11 
5 62 69.05 
5 63 26.06 
5 64 21.05 
5 65 2.72 
5 66 29.62 
5 67 88.05 
5 68 9.95 
5 69 76.21 
5 70 2.85 
5 71 73.12 
5 72 18.36 
5 73 97.17 
5 74 30.27 
5 75 45.24 
5 76 66.32 
5 77 90.26 
5 78 26.13 
5 79 87.81 
5 80 93.31 
5 81 21.74 
5 82 69.61 
5 83 25.88 
5 84 85.72 
5 85 88.60 
5 86 56.24 
5 87 43.71 
5 88 5.08 
5 89 15.21 
5 90 52.02 
5 91 17.57 
5 92 33.32 
5 93 21.07 
5 94 43.64 
5 95 54.37 
5 96 23.79 
5 97 73.26 
5 98 42.42 
5 99 33.74 
6 7 49.47 
6 8 45.26 
6 9 6.87 
6 10 67.84 
6 11 42.43 
6 12 37.14 
6 13 13.08 
6 14 8.75 
6 15 27.40 
6 16 39.20 
6 17 96.56 
6 18 20.71 
6 19 60.95 
6 20 66.17 
6 21 46.59 
6 22 46.67 
6 23 54.77 
6 24 2.83 
6 25 90.38 
6 26 59.85 
6 27 18.04 
6 28 42.40 
6 29 77.42 
6 30 51.36 
6 31 63.47 
6 32 21.06 
6 33 5.73 
6 34 87.26 
6 35 94.33 
6 36 48.14 
6 37 21.01 
6 38 43.80 
6 39 93.40 
6 40 27.87 
6 41 11.64 
6 42 35.84 
6 43 65.01 
6 44 24.71 
6 45 44.58 
6 46 92.41 
6 47 63.92 
6 48 41.14 
6 49 13.12 
6 50 24.86 
6 51 7.31 
6 52 59.71 
6 53 71.53 
6 54 62.08 
6 55 62.54 
6 56 61.91 
6 57 21.93 
6 58 80.58 
6 59 4.31 
6 60 99.36 
6 61 31.94 
6 62 67.77 
6 63 20.42 
6 64 37.67 
6 65 55.03 
6 66 14.74 
6 67 85.81 
6 68 76.04 
6 69 58.54 
6 70 79.22 
6 71 3.91 
6 72 70.18 
6 73 15.05 
6 74 68.92 
6 75 94.89 
6 76 59.64 
6 77 61.33 
6 78 58.81 
6 79 0.78 
6 80 74.44 
6 81 83.68 
6 82 8.09 
6 83 34.16 
6 84 55.21 
6 85 70.17 
6 86 96.70 
6 87 17.12 
6 88 92.10 
6 89 77.28 
6 90 21.42 
6 91 91.45 
6 92 9.22 
6 93 89.20 
6 94 11.87 
6 95 46.89 
6 96 44.23 
6 97 26.62 
6 98 32.70 
6 99 20.27 
7 8 85.16 
7 9 11.91 
7 10 24.18 
7 11 55.34 
7 12 26.96 
7 13 93.10 
7 14 50.24 
7 15 86.60 
7 16 54.43 
7 17 9.05 
7 18 87.38 
7 19 28.87 
7 20 92.73 
7 21 95.46 
7 22 63.03 
7 23 47.93 
7 24 65.63 
7 25 59.72 
7 26 65.05 
7 27 57.73 
7 28 37.00 
7 29 86.47 
7 30 49.19 
7 31 46.22 
7 32 75.67 
7 33 61.06 
7 34 93.11 
7 35 19.90 
7 36 87.68 
7 37 25.81 
7 38 40.17 
7 39 72.84 
7 40 37.72 
7 41 64.35 
7 42 28.18 
7 43 64.68 
7 44 57.46 
7 45 78.42 
7 46 51.28 
7 47 11.88 
7 48 87.47 
7 49 38.66 
7 50 40.76 
7 51 80.20 
7 52 34.13 
7 53 3.79 
7 54 28.13 
7 55 99.76 
7 56 63.51 
7 57 93.18 
7 58 57.49 
7 59 0.51 
7 60 79.66 
7 61 6.68 
7 62 46.74 
7 63 55.33 
7 64 67.74 
7 65 39.84 
7 66 75.23 
7 67 55.41 
7 68 65.65 
7 69 15.40 
7 70 28.26 
7 71 3.37 
7 72 79.75 
7 73 56.44 
7 74 68.05 
7 75 37.21 
7 76 34.86 
7 77 19.34 
7 78 49.09 
7 79 22.33 
7 80 58.00 
7 81 89.85 
7 82 2.54 
7 83 92.13 
7 84 93.64 
7 85 30.67 
7 86 91.88 
7 87 57.15 
7 88 23.86 
7 89 49.38 
7 90 57.66 
7 91 3.51 
7 92 56.05 
7 93 4.40 
7 94 58.84 
7 95 23.79 
7 96 44.24 
7 97 34.07 
7 98 79.20 
7 99 9.89 
8 9 49.46 
8 10 7.46 
8 11 13.26 
8 12 29.21 
8 13 63.90 
8 14 81.31 
8 15 66.42 
8 16 98.76 
8 17 0.65 
8 18 15.51 
8 19 21.09 
8 20 58.65 
8 21 5.36 
8 22 23.63 
8 23 50.77 
8 24 99.00 
8 25 54.30 
8 26 42.66 
8 27 56.14 
8 28 78.15 
8 29 92.03 
8 30 13.80 
8 31 81.67 
8 32 48.08 
8 33 18.20 
8 34 40.51 
8 35 71.87 
8 36 62.44 
8 37 74.57 
8 38 51.08 
8 39 72.33 
8 40 24.03 
8 41 58.54 
8 42 85.59 
8 43 53.25 
8 44 22.44 
8 45 66.90 
8 46 19.67 
8 47 21.19 
8 48 67.55 
8 49 35.18 
8 50 42.29 
8 51 26.20 
8 52 40.54 
8 53 65.92 
8 54 76.97 
8 55 39.53 
8 56 20.22 
8 57 19.63 
8 58 95.68 
8 59 98.37 
8 60 11.66 
8 61 9.48 
8 62 80.04 
8 63 59.74 
8 64 27.68 
8 65 20.55 
8 66 31.62 
8 67 90.12 
8 68 95.12 
8 69 82.69 
8 70 62.45 
8 71 19.15 
8 72 41.23 
8 73 48.04 
8 74 72.40 
8 75 63.67 
8 76 14.94 
8 77 92.07 
8 78 84.86 
8 79 82.49 
8 80 27.25 
8 81 27.15 
8 82 8.68 
8 83 67.79 
8 84 93.07 
8 85 85.65 
8 86 7.32 
8 87 13.29 
8 88 5.28 
8 89 3.00 
8 90 11.66 
8 91 16.94 
8 92 12.48 
8 93 91.70 
8 94 76.68 
8 95 40.16 
8 96 12.24 
8 97 8.30 
8 98 30.28 
8 99 7.36 
9 10 90.99 
9 11 92.72 
9 12 26.51 
9 13 32.22 
9 14 40.76 
9 15 98.91 
9 16 95.89 
9 17 55.70 
9 18 90.98 
9 19 80.75 
9 20 38.18 
9 21 18.23 
9 22 7.90 
9 23 46.86 
9 24 86.02 
9 25 0.97 
9 26 32.51 
9 27 93.34 
9 28 14.25 
9 29 37.79 
9 30 96.34 
9 31 25.91 
9 32 54.72 
9 33 8.82 
9 34 17.61 
9 35 31.40 
9 36 48.98 
9 37 29.86 
9 38 39.70 
9 39 79.25 
9 40 37.22 
9 41 30.69 
9 42 71.98 
9 43 63.73 
9 44 62.91 
9 45 12.73 
9 46 62.64 
9 47 58.80 
9 48 68.43 
9 49 53.62 
9 50 39.55 
9 51 6.61 
9 52 71.85 
9 53 47.45 
9 54 53.47 
9 55 57.87 
9 56 48.42 
9 57 85.99 
9 58 51.20 
9 59 62.67 
9 60 23.78 
9 61 47.54 
9 62 88.58 
9 63 78.50 
9 64 56.36 
9 65 6.20 
9 66 9.90 
9 67 5.34 
9 68 36.05 
9 69 49.60 
9 70 84.59 
9 71 73.27 
9 72 80.29 
9 73 56.57 
9 74 37.00 
9 75 43.20 
9 76 69.30 
9 77 99.64 
9 78 2.00 
9 79 37.73 
9 80 53.26 
9 81 41.55 
9 82 44.34 
9 83 25.11 
9 84 89.00 
9 85 97.82 
9 86 82.97 
9 87 37.42 
9 88 83.80 
9 89 34.18 
9 90 0.09 
9 91 7.58 
9 92 81.72 
9 93 88.67 
9 94 86.08 
9 95 38.08 
9 96 94.87 
9 97 95.98 
9 98 43.42 
9 99 30.92 
10 11 45.58 
10 12 28.01 
10 13 4.19 
10 14 25.88 
10 15 84.58 
10 16 41.19 
10 17 69.08 
10 18 53.88 
10 19 40.82 
10 20 71.09 
10 21 91.61 
10 22 94.08 
10 23 12.64 
10 24 35.95 
10 25 19.19 
10 26 1.64 
10 27 33.77 
10 28 2.17 
10 29 39.06 
10 30 17.57 
10 31 36.35 
10 32 39.15 
10 33 25.15 
10 34 18.07 
10 35 27.83 
10 36 11.23 
10 37 56.15 
10 38 22.70 
10 39 7.21 
10 40 99.57 
10 41 53.62 
10 42 52.79 
10 43 27.59 
10 44 57.81 
10 45 78.67 
10 46 12.17 
10 47 98.99 
10 48 47.75 
10 49 66.05 
10 50 39.82 
10 51 18.84 
10 52 57.66 
10 53 33.90 
10 54 31.48 
10 55 93.61 
10 56 53.09 
10 57 33.12 
10 58 27.38 
10 59 55.26 
10 60 72.18 
10 61 44.95 
10 62 91.60 
10 63 11.33 
10 64 70.10 
10 65 9.67 
10 66 39.16 
10 67 81.33 
10 68 65.82 
10 69 61.86 
10 70 88.54 
10 71 65.39 
10 72 15.47 
10 73 41.33 
10 74 92.98 
10 75 73.28 
10 76 20.00 
10 77 5.14 
10 78 72.27 
10 79 67.75 
10 80 71.19 
10 81 12.09 
10 82 86.59 
10 83 28.85 
10 84 45.99 
10 85 18.07 
10 86 22.46 
10 87 99.08 
10 88 51.18 
10 89 49.85 
10 90 54.34 
10 91 23.37 
10 92 94.80 
10 93 45.94 
10 94 34.70 
10 95 64.91 
10 96 55.61 
10 97 73.86 
10 98 46.23 
10 99 21.43 
11 12 35.72 
11 13 34.77 
11 14 86.83 
11 15 51.19 
11 16 76.10 
11 17 79.81 
11 18 24.47 
11 19 96.10 
11 20 84.95 
11 21 96.74 
11 22 63.85 
11 23 56.14 
11 24 8.83 
11 25 50.43 
11 26 84.99 
11 27 54.82 
11 28 68.50 
11 29 7.46 
11 30 53.90 
11 31 19.68 
11 32 57.31 
11 33 8.24 
11 34 43.05 
11 35 52.11 
11 36 54.18 
11 37 77.75 
11 38 17.02 
11 39 9.79 
11 40 51.61 
11 41 63.25 
11 42 31.23 
11 43 87.33 
11 44 98.02 
11 45 18.06 
11 46 38.52 
11 47 74.12 
11 48 97.86 
11 49 62.99 
11 50 70.22 
11 51 82.82 
11 52 59.74 
11 53 34.07 
11 54 38.96 
11 55 68.57 
11 56 84.50 
11 57 23.95 
11 58 23.39 
11 59 53.00 
11 60 31.41 
11 61 77.29 
11 62 72.68 
11 63 88.72 
11 64 85.53 
11 65 15.73 
11 66 40.84 
11 67 39.71 
11 68 93.48 
11 69 57.85 
11 70 49.50 
11 71 45.09 
11 72 21.11 
11 73 80.73 
11 74 32.42 
11 75 19.13 
11 76 98.79 
11 77 70.95 
11 78 93.25 
11 79 96.65 
11 80 33.94 
11 81 63.47 
11 82 79.47 
11 83 93.68 
11 84 97.54 
11 85 18.43 
11 86 62.25 
11 87 82.04 
11 88 42.38 
11 89 85.64 
11 90 35.04 
11 91 73.80 
11 92 62.93 
11 93 7.72 
11 94 62.52 
11 95 48.46 
11 96 23.45 
11 97 3.35 
11 98 88.17 
11 99 16.94 
12 13 61.21 
12 14 37.67 
12 15 62.03 
12 16 82.32 
12 17 18.40 
12 18 94.45 
12 19 1.45 
12 20 17.19 
12 21 65.40 
12 22 94.70 
12 23 13.84 
12 24 99.34 
12 25 58.18 
12 26 93.30 
12 27 93.02 
12 28 55.72 
12 29 11.73 
12 30 55.27 
12 31 37.75 
12 32 54.11 
12 33 40.91 
12 34 72.79 
12 35 27.90 
12 36 3.84 
12 37 80.51 
12 38 90.42 
12 39 52.30 
12 40 3.97 
12 41 93.78 
12 42 40.47 
12 43 20.90 
12 44 54.99 
12 45 78.14 
12 46 82.93 
12 47 37.30 
12 48 96.54 
12 49 77.39 
12 50 38.75 
12 51 13.73 
12 52 42.79 
12 53 33.45 
12 54 27.56 
12 55 42.13 
12 56 91.63 
12 57 20.87 
12 58 35.15 
12 59 47.34 
12 60 32.60 
12 61 90.42 
12 62 85.10 
12 63 86.70 
12 64 31.33 
12 65 57.89 
12 66 14.61 
12 67 35.18 
12 68 38.40 
12 69 5.03 
12 70 87.48 
12 71 42.37 
12 72 98.81 
12 73 27.95 
12 74 63.27 
12 75 53.80 
12 76 6.09 
12 77 46.20 
12 78 91.10 
12 79 2.64 
12 80 23.58 
12 81 29.85 
12 82 16.36 
12 83 66.37 
12 84 63.30 
12 85 43.93 
12 86 8.50 
12 87 54.93 
12 88 64.80 
12 89 43.64 
12 90 2.27 
12 91 97.39 
12 92 34.06 
12 93 87.37 
12 94 84.10 
12 95 65.39 
12 96 45.26 
12 97 98.70 
12 98 0.57 
12 99 83.66 
13 14 3.74 
13 15 88.05 
13 16 26.03 
13 17 2.55 
13 18 16.00 
13 19 89.30 
13 20 56.35 
13 21 22.09 
13 22 35.50 
13 23 47.45 
13 24 24.73 
13 25 59.08 
13 26 77.30 
13 27 41.09 
13 28 25.45 
13 29 40.60 
13 30 85.02 
13 31 33.95 
13 32 95.52 
13 33 49.82 
13 34 77.59 
13 35 97.80 
13 36 47.21 
13 37 11.65 
13 38 85.16 
13 39 31.31 
13 40 77.05 
13 41 30.42 
13 42 30.01 
13 43 77.62 
13 44 14.08 
13 45 33.75 
13 46 65.67 
13 47 40.11 
13 48 36.30 
13 49 81.67 
13 50 29.41 
13 51 92.64 
13 52 3.76 
13 53 64.91 
13 54 40.09 
13 55 28.49 
13 56 23.99 
13 57 17.38 
13 58 69.58 
13 59 49.44 
13 60 57.98 
13 61 54.60 
13 62 83.39 
13 63 53.50 
13 64 4.42 
13 65 60.98 
13 66 51.30 
13 67 51.63 
13 68 72.64 
13 69 36.46 
13 70 82.94 
13 71 49.69 
13 72 66.88 
13 73 12.95 
13 74 27.30 
13 75 80.96 
13 76 46.69 
13 77 92.97 
13 78 21.08 
13 79 82.99 
13 80 74.63 
13 81 50.48 
13 82 75.63 
13 83 78.39 
13 84 15.39 
13 85 15.72 
13 86 6.88 
13 87 39.38 
13 88 33.10 
13 89 76.46 
13 90 88.82 
13 91 91.07 
13 92 31.07 
13 93 72.21 
13 94 44.58 
13 95 35.49 
13 96 33.19 
13 97 95.87 
13 98 87.12 
13 99 5.83 
14 15 32.33 
14 16 70.06 
14 17 55.51 
14 18 99.22 
14 19 83.01 
14 20 82.82 
14 21 80.18 
14 22 29.70 
14 23 75.78 
14 24 1.26 
14 25 12.69 
14 26 50.42 
14 27 51.74 
14 28 88.32 
14 29 28.81 
14 30 67.13 
14 31 4.04 
14 32 35.70 
14 33 6.51 
14 34 37.13 
14 35 12.16 
14 36 95.33 
14 37 28.21 
14 38 43.23 
14 39 67.53 
14 40 72.78 
14 41 78.72 
14 42 0.72 
14 43 68.66 
14 44 65.85 
14 45 6.55 
14 46 0.99 
14 47 35.91 
14 48 62.06 
14 49 0.21 
14 50 18.91 
14 51 44.88 
14 52 80.39 
14 53 48.62 
14 54 20.66 
14 55 81.64 
14 56 61.31 
14 57 71.08 
14 58 33.39 
14 59 49.63 
14 60 99.90 
14 61 0.52 
14 62 53.66 
14 63 35.59 
14 64 7.03 
14 65 90.79 
14 66 47.76 
14 67 2.35 
14 68 19.00 
14 69 90.99 
14 70 69.89 
14 71 91.78 
14 72 69.71 
14 73 70.61 
14 74 60.44 
14 75 35.55 
14 76 77.16 
14 77 61.43 
14 78 71.46 
14 79 39.23 
14 80 61.63 
14 81 90.37 
14 82 84.11 
14 83 42.02 
14 84 38.99 
14 85 4.77 
14 86 23.67 
14 87 0.29 
14 88 75.86 
14 89 57.05 
14 90 49.92 
14 91 75.75 
14 92 57.57 
14 93 3.58 
14 94 11.35 
14 95 64.59 
14 96 94.37 
14 97 59.11 
14 98 66.95 
14 99 13.37 
15 16 50.09 
15 17 36.84 
15 18 5.16 
15 19 19.80 
15 20 7.45 
15 21 65.59 
15 22 55.35 
15 23 84.61 
15 24 27.02 
15 25 26.81 
15 26 23.84 
15 27 88.66 
15 28 17.18 
15 29 7.95 
15 30 30.68 
15 31 56.17 
15 32 12.72 
15 33 54.34 
15 34 56.47 
15 35 88.58 
15 36 11.39 
15 37 6.38 
15 38 64.33 
15 39 68.96 
15 40 9.96 
15 41 75.68 
15 42 33.56 
15 43 4.34 
15 44 34.79 
15 45 0.51 
15 46 17.71 
15 47 84.88 
15 48 37.34 
15 49 22.86 
15 50 4.68 
15 51 44.79 
15 52 88.46 
15 53 60.03 
15 54 29.40 
15 55 15.48 
15 56 86.84 
15 57 53.24 
15 58 4.14 
15 59 4.03 
15 60 61.19 
15 61 34.81 
15 62 60.20 
15 63 73.90 
15 64 89.16 
15 65 16.66 
15 66 62.48 
15 67 0.55 
15 68 23.05 
15 69 26.81 
15 70 69.51 
15 71 33.01 
15 72 2.49 
15 73 3.07 
15 74 37.35 
15 75 37.27 
15 76 3.58 
15 77 55.06 
15 78 22.15 
15 79 40.92 
15 80 77.92 
15 81 26.83 
15 82 85.71 
15 83 66.38 
15 84 86.86 
15 85 15.11 
15 86 81.86 
15 87 73.70 
15 88 68.35 
15 89 86.00 
15 90 77.72 
15 91 29.53 
15 92 20.81 
15 93 37.92 
15 94 3.44 
15 95 9.97 
15 96 54.58 
15 97 65.92 
15 98 10.52 
15 99 77.63 
16 17 92.73 
16 18 80.03 
16 19 10.64 
16 20 95.21 
16 21 83.11 
16 22 47.99 
16 23 32.49 
16 24 86.68 
16 25 3.05 
16 26 54.64 
16 27 27.60 
16 28 80.97 
16 29 81.47 
16 30 13.31 
16 31 47.35 
16 32 68.32 
16 33 28.42 
16 34 29.21 
16 35 42.02 
16 36 96.77 
16 37 15.21 
16 38 19.75 
16 39 26.31 
16 40 36.02 
16 41 57.67 
16 42 29.74 
16 43 45.98 
16 44 12.25 
16 45 95.66 
16 46 56.50 
16 47 89.88 
16 48 88.39 
16 49 36.53 
16 50 0.52 
16 51 83.60 
16 52 19.64 
16 53 48.52 
16 54 16.09 
16 55 6.32 
16 56 51.56 
16 57 70.72 
16 58 33.93 
16 59 32.53 
16 60 52.19 
16 61 47.24 
16 62 79.88 
16 63 20.51 
16 64 75.66 
16 65 9.09 
16 66 62.53 
16 67 72.43 
16 68 24.30 
16 69 82.28 
16 70 98.74 
16 71 60.32 
16 72 39.95 
16 73 28.48 
16 74 6.30 
16 75 52.20 
16 76 24.15 
16 77 62.80 
16 78 42.08 
16 79 12.53 
16 80 99.33 
16 81 42.60 
16 82 96.13 
16 83 18.97 
16 84 91.12 
16 85 12.22 
16 86 25.29 
16 87 42.68 
16 88 82.94 
16 89 59.22 
16 90 75.21 
16 91 35.13 
16 92 6.46 
16 93 55.10 
16 94 55.64 
16 95 82.12 
16 96 64.19 
16 97 18.18 
16 98 54.55 
16 99 88.49 
17 18 0.46 
17 19 53.29 
17 20 48.81 
17 21 40.40 
17 22 81.78 
17 23 55.10 
17 24 92.60 
17 25 5.92 
17 26 17.90 
17 27 34.68 
17 28 18.45 
17 29 17.23 
17 30 77.28 
17 31 14.58 
17 32 36.20 
17 33 68.40 
17 34 26.80 
17 35 61.49 
17 36 11.08 
17 37 9.74 
17 38 20.71 
17 39 86.29 
17 40 44.87 
17 41 27.16 
17 42 41.39 
17 43 0.51 
17 44 9.28 
17 45 5.58 
17 46 18.69 
17 47 63.83 
17 48 94.07 
17 49 19.14 
17 50 17.13 
17 51 42.88 
17 52 59.54 
17 53 98.90 
17 54 97.98 
17 55 52.14 
17 56 4.83 
17 57 15.88 
17 58 86.82 
17 59 23.28 
17 60 33.12 
17 61 64.10 
17 62 37.87 
17 63 69.32 
17 64 32.49 
17 65 64.67 
17 66 30.81 
17 67 43.57 
17 68 74.41 
17 69 51.52 
17 70 29.86 
17 71 19.28 
17 72 78.69 
17 73 71.25 
17 74 19.79 
17 75 87.97 
17 76 76.83 
17 77 38.48 
17 78 51.80 
17 79 70.90 
17 80 57.62 
17 81 68.93 
17 82 13.78 
17 83 17.17 
17 84 67.84 
17 85 11.76 
17 86 69.31 
17 87 72.66 
17 88 27.65 
17 89 56.13 
17 90 95.95 
17 91 60.76 
17 92 20.22 
17 93 33.81 
17 94 30.08 
17 95 52.71 
17 96 98.48 
17 97 60.90 
17 98 96.28 
17 99 72.89 
18 19 12.42 
18 20 26.14 
18 21 92.17 
18 22 91.11 
18 23 97.39 
18 24 11.96 
18 25 79.08 
18 26 74.22 
18 27 50.44 
18 28 30.88 
18 29 45.12 
18 30 8.06 
18 31 99.81 
18 32 58.90 
18 33 25.23 
18 34 67.65 
18 35 70.66 
18 36 94.54 
18 37 40.31 
18 38 98.31 
18 39 50.67 
18 40 36.26 
18 41 59.07 
18 42 70.89 
18 43 70.07 
18 44 89.16 
18 45 23.60 
18 46 68.55 
18 47 50.05 
18 48 19.88 
18 49 41.45 
18 50 62.48 
18 51 46.02 
18 52 33.62 
18 53 53.58 
18 54 43.41 
18 55 45.58 
18 56 32.66 
18 57 17.63 
18 58 96.02 
18 59 63.55 
18 60 62.75 
18 61 4.09 
18 62 63.36 
18 63 21.66 
18 64 29.32 
18 65 31.01 
18 66 92.32 
18 67 23.86 
18 68 71.32 
18 69 90.63 
18 70 74.53 
18 71 7.58 
18 72 49.71 
18 73 45.41 
18 74 77.65 
18 75 38.86 
18 76 69.01 
18 77 46.21 
18 78 88.92 
18 79 88.89 
18 80 87.65 
18 81 51.39 
18 82 34.91 
18 83 21.27 
18 84 4.98 
18 85 78.32 
18 86 66.85 
18 87 37.64 
18 88 95.95 
18 89 62.88 
18 90 1.19 
18 91 58.71 
18 92 66.97 
18 93 64.55 
18 94 80.36 
18 95 96.29 
18 96 95.55 
18 97 72.68 
18 98 20.14 
18 99 66.88 
19 20 63.32 
19 21 94.67 
19 22 74.46 
19 23 13.02 
19 24 40.08 
19 25 52.11 
19 26 51.89 
19 27 9.09 
19 28 98.32 
19 29 40.81 
19 30 97.98 
19 31 85.97 
19 32 92.20 
19 33 32.89 
19 34 7.25 
19 35 97.18 
19 36 11.21 
19 37 74.10 
19 38 34.82 
19 39 7.17 
19 40 36.98 
19 41 36.01 
19 42 65.87 
19 43 3.94 
19 44 0.56 
19 45 46.23 
19 46 0.23 
19 47 96.11 
19 48 18.92 
19 49 20.37 
19 50 62.99 
19 51 82.24 
19 52 15.04 
19 53 37.45 
19 54 95.26 
19 55 55.13 
19 56 89.56 
19 57 47.15 
19 58 64.22 
19 59 87.88 
19 60 87.96 
19 61 62.20 
19 62 73.85 
19 63 80.16 
19 64 95.10 
19 65 81.09 
19 66 77.34 
19 67 6.31 
19 68 55.19 
19 69 12.17 
19 70 13.48 
19 71 92.17 
19 72 48.18 
19 73 79.35 
19 74 96.11 
19 75 48.73 
19 76 25.58 
19 77 96.34 
19 78 44.84 
19 79 44.50 
19 80 16.71 
19 81 7.83 
19 82 26.74 
19 83 31.76 
19 84 45.28 
19 85 22.00 
19 86 86.88 
19 87 34.83 
19 88 69.15 
19 89 51.10 
19 90 22.71 
19 91 57.11 
19 92 13.30 
19 93 96.56 
19 94 37.27 
19 95 8.40 
19 96 77.65 
19 97 14.61 
19 98 14.71 
19 99 32.85 
20 21 26.78 
20 22 28.19 
20 23 25.02 
20 24 74.95 
20 25 7.54 
20 26 21.13 
20 27 23.68 
20 28 33.12 
20 29 17.47 
20 30 68.53 
20 31 77.62 
20 32 34.18 
20 33 76.35 
20 34 4.36 
20 35 65.94 
20 36 21.63 
20 37 26.36 
20 38 52.82 
20 39 56.46 
20 40 95.51 
20 41 3.92 
20 42 79.17 
20 43 52.62 
20 44 17.22 
20 45 75.73 
20 46 89.89 
20 47 25.62 
20 48 53.38 
20 49 4.50 
20 50 40.34 
20 51 86.22 
20 52 31.27 
20 53 68.52 
20 54 11.24 
20 55 6.23 
20 56 76.06 
20 57 32.37 
20 58 29.91 
20 59 9.18 
20 60 49.84 
20 61 98.43 
20 62 86.81 
20 63 84.02 
20 64 74.79 
20 65 91.17 
20 66 49.96 
20 67 96.42 
20 68 17.53 
20 69 2.78 
20 70 52.88 
20 71 13.04 
20 72 6.70 
20 73 32.05 
20 74 65.66 
20 75 23.93 
20 76 7.77 
20 77 55.55 
20 78 49.55 
20 79 61.15 
20 80 60.05 
20 81 89.89 
20 82 47.37 
20 83 91.32 
20 84 58.41 
20 85 58.61 
20 86 97.55 
20 87 34.47 
20 88 90.98 
20 89 27.46 
20 90 43.66 
20 91 40.81 
20 92 25.89 
20 93 30.46 
20 94 24.83 
20 95 0.68 
20 96 21.63 
20 97 74.79 
20 98 97.10 
20 99 39.16 
21 22 77.57 
21 23 49.98 
21 24 52.21 
21 25 84.28 
21 26 82.03 
21 27 17.87 
21 28 8.20 
21 29 89.80 
21 30 73.42 
21 31 57.75 
21 32 50.95 
21 33 33.47 
21 34 47.64 
21 35 98.32 
21 36 24.79 
21 37 6.05 
21 38 56.93 
21 39 22.33 
21 40 40.52 
21 41 47.91 
21 42 49.79 
21 43 84.18 
21 44 88.72 
21 45 75.68 
21 46 14.64 
21 47 13.56 
21 48 76.36 
21 49 36.28 
21 50 88.35 
21 51 73.46 
21 52 75.44 
21 53 65.92 
21 54 23.43 
21 55 27.65 
21 56 50.20 
21 57 5.46 
21 58 45.51 
21 59 58.41 
21 60 95.26 
21 61 18.93 
21 62 16.16 
21 63 46.21 
21 64 52.40 
21 65 63.80 
21 66 44.53 
21 67 77.18 
21 68 69.85 
21 69 1.46 
21 70 99.52 
21 71 10.37 
21 72 49.37 
21 73 49.31 
21 74 94.55 
21 75 38.09 
21 76 24.99 
21 77 9.19 
21 78 51.65 
21 79 1.35 
21 80 45.47 
21 81 40.00 
21 82 74.81 
21 83 20.91 
21 84 5.92 
21 85 98.24 
21 86 48.55 
21 87 56.12 
21 88 3.70 
21 89 94.07 
21 90 14.53 
21 91 98.96 
21 92 13.00 
21 93 30.69 
21 94 45.16 
21 95 65.40 
21 96 94.49 
21 97 89.69 
21 98 42.58 
21 99 64.33 
22 23 91.15 
22 24 42.10 
22 25 74.71 
22 26 40.52 
22 27 91.41 
22 28 69.26 
22 29 78.61 
22 30 16.40 
22 31 78.45 
22 32 30.26 
22 33 17.75 
22 34 23.91 
22 35 70.25 
22 36 92.56 
22 37 44.82 
22 38 76.17 
22 39 90.79 
22 40 93.37 
22 41 32.29 
22 42 94.49 
22 43 87.44 
22 44 46.82 
22 45 93.45 
22 46 0.44 
22 47 77.50 
22 48 38.61 
22 49 65.84 
22 50 71.99 
22 51 28.30 
22 52 8.42 
22 53 36.32 
22 54 19.45 
22 55 50.52 
22 56 11.03 
22 57 59.98 
22 58 41.93 
22 59 80.29 
22 60 38.59 
22 61 58.33 
22 62 58.73 
22 63 68.85 
22 64 76.08 
22 65 82.65 
22 66 39.10 
22 67 68.64 
22 68 27.46 
22 69 15.27 
22 70 59.43 
22 71 20.84 
22 72 47.56 
22 73 53.92 
22 74 8.28 
22 75 94.38 
22 76 47.37 
22 77 8.72 
22 78 71.88 
22 79 85.98 
22 80 74.55 
22 81 43.87 
22 82 14.28 
22 83 82.97 
22 84 80.20 
22 85 33.74 
22 86 33.49 
22 87 91.23 
22 88 93.72 
22 89 75.42 
22 90 71.51 
22 91 32.30 
22 92 33.76 
22 93 30.24 
22 94 1.15 
22 95 9.84 
22 96 12.89 
22 97 40.25 
22 98 78.48 
22 99 40.35 
23 24 55.51 
23 25 37.91 
23 26 61.19 
23 27 3.08 
23 28 91.84 
23 29 69.47 
23 30 97.45 
23 31 39.21 
23 32 78.18 
23 33 69.34 
23 34 25.19 
23 35 52.73 
23 36 13.21 
23 37 39.47 
23 38 35.71 
23 39 93.41 
23 40 73.21 
23 41 69.20 
23 42 84.63 
23 43 66.93 
23 44 44.62 
23 45 56.14 
23 46 99.23 
23 47 78.38 
23 48 86.39 
23 49 0.38 
23 50 88.22 
23 51 99.27 
23 52 40.62 
23 53 66.69 
23 54 39.63 
23 55 96.14 
23 56 4.60 
23 57 0.82 
23 58 99.21 
23 59 96.44 
23 60 70.28 
23 61 96.67 
23 62 35.64 
23 63 48.46 
23 64 66.01 
23 65 60.83 
23 66 1.20 
23 67 79.22 
23 68 0.31 
23 69 36.90 
23 70 72.62 
23 71 73.52 
23 72 6.10 
23 73 57.25 
23 74 40.45 
23 75 50.72 
23 76 13.40 
23 77 39.68 
23 78 29.10 
23 79 99.78 
23 80 40.06 
23 81 17.32 
23 82 99.05 
23 83 80.68 
23 84 84.01 
23 85 38.68 
23 86 76.82 
23 87 88.61 
23 88 39.50 
23 89 76.03 
23 90 85.05 
23 91 9.78 
23 92 72.70 
23 93 20.69 
23 94 58.24 
23 95 38.71 
23 96 81.53 
23 97 59.44 
23 98 17.92 
23 99 81.84 
24 25 96.35 
24 26 90.55 
24 27 55.36 
24 28 2.45 
24 29 47.80 
24 30 95.80 
24 31 53.17 
24 32 61.19 
24 33 35.48 
24 34 82.27 
24 35 60.97 
24 36 75.54 
24 37 99.59 
24 38 60.03 
24 39 56.22 
24 40 83.60 
24 41 98.71 
24 42 33.04 
24 43 72.21 
24 44 38.21 
24 45 9.08 
24 46 57.25 
24 47 47.99 
24 48 81.78 
24 49 77.95 
24 50 6.23 
24 51 20.49 
24 52 59.48 
24 53 65.67 
24 54 38.41 
24 55 41.31 
24 56 62.01 
24 57 28.96 
24 58 96.67 
24 59 64.46 
24 60 76.76 
24 61 92.47 
24 62 17.63 
24 63 37.95 
24 64 27.96 
24 65 99.90 
24 66 98.92 
24 67 3.50 
24 68 99.49 
24 69 58.95 
24 70 59.72 
24 71 83.09 
24 72 57.66 
24 73 92.76 
24 74 55.29 
24 75 95.87 
24 76 1.84 
24 77 12.55 
24 78 43.85 
24 79 83.61 
24 80 90.49 
24 81 50.08 
24 82 4.10 
24 83 49.97 
24 84 15.75 
24 85 42.51 
24 86 91.28 
24 87 77.76 
24 88 71.47 
24 89 87.95 
24 90 42.23 
24 91 48.23 
24 92 80.42 
24 93 59.86 
24 94 86.18 
24 95 8.37 
24 96 59.76 
24 97 85.10 
24 98 11.87 
24 99 59.25 
25 26 44.06 
25 27 71.59 
25 28 42.34 
25 29 1.72 
25 30 64.35 
25 31 97.63 
25 32 97.59 
25 33 66.19 
25 34 10.18 
25 35 41.44 
25 36 49.80 
25 37 0.67 
25 38 91.52 
25 39 53.90 
25 40 50.64 
25 41 7.27 
25 42 96.42 
25 43 41.92 
25 44 85.04 
25 45 67.89 
25 46 29.86 
25 47 27.26 
25 48 16.12 
25 49 10.28 
25 50 87.12 
25 51 2.30 
25 52 18.65 
25 53 46.88 
25 54 87.40 
25 55 30.52 
25 56 6.14 
25 57 31.46 
25 58 2.11 
25 59 48.48 
25 60 33.17 
25 61 66.46 
25 62 46.11 
25 63 30.76 
25 64 32.64 
25 65 56.29 
25 66 72.20 
25 67 82.44 
25 68 56.96 
25 69 63.72 
25 70 36.34 
25 71 7.60 
25 72 70.99 
25 73 32.76 
25 74 49.51 
25 75 56.03 
25 76 0.65 
25 77 79.38 
25 78 83.29 
25 79 16.77 
25 80 89.66 
25 81 70.41 
25 82 19.06 
25 83 8.31 
25 84 17.29 
25 85 6.47 
25 86 38.83 
25 87 23.43 
25 88 37.92 
25 89 40.94 
25 90 71.91 
25 91 71.10 
25 92 7.40 
25 93 18.02 
25 94 1.86 
25 95 40.04 
25 96 74.30 
25 97 74.06 
25 98 22.48 
25 99 31.26 
26 27 37.78 
26 28 58.82 
26 29 38.86 
26 30 8.77 
26 31 91.58 
26 32 88.37 
26 33 64.80 
26 34 92.23 
26 35 67.75 
26 36 48.08 
26 37 9.00 
26 38 57.41 
26 39 18.49 
26 40 28.06 
26 41 65.72 
26 42 35.79 
26 43 34.53 
26 44 4.55 
26 45 59.22 
26 46 72.45 
26 47 45.49 
26 48 31.13 
26 49 43.55 
26 50 52.89 
26 51 49.14 
26 52 45.41 
26 53 92.92 
26 54 23.45 
26 55 19.47 
26 56 15.40 
26 57 54.70 
26 58 57.24 
26 59 74.22 
26 60 93.56 
26 61 66.01 
26 62 65.81 
26 63 81.93 
26 64 30.81 
26 65 58.04 
26 66 49.68 
26 67 78.89 
26 68 67.04 
26 69 7.08 
26 70 97.39 
26 71 95.10 
26 72 72.80 
26 73 33.17 
26 74 29.63 
26 75 77.35 
26 76 92.39 
26 77 2.08 
26 78 22.84 
26 79 23.51 
26 80 45.63 
26 81 75.73 
26 82 72.66 
26 83 91.04 
26 84 68.65 
26 85 96.10 
26 86 10.51 
26 87 84.05 
26 88 50.81 
26 89 67.75 
26 90 58.27 
26 91 44.37 
26 92 33.76 
26 93 24.08 
26 94 26.30 
26 95 64.57 
26 96 82.12 
26 97 75.97 
26 98 43.46 
26 99 49.15 
27 28 83.06 
27 29 40.85 
27 30 44.26 
27 31 55.86 
27 32 74.02 
27 33 73.89 
27 34 33.21 
27 35 66.41 
27 36 75.97 
27 37 56.05 
27 38 89.92 
27 39 21.60 
27 40 31.78 
27 41 62.58 
27 42 12.64 
27 43 0.43 
27 44 58.68 
27 45 23.15 
27 46 84.48 
27 47 9.49 
27 48 90.90 
27 49 42.76 
27 50 53.85 
27 51 24.66 
27 52 66.84 
27 53 80.15 
27 54 89.23 
27 55 48.96 
27 56 56.12 
27 57 32.70 
27 58 98.11 
27 59 39.18 
27 60 73.55 
27 61 42.37 
27 62 95.04 
27 63 47.57 
27 64 16.25 
27 65 28.25 
27 66 13.98 
27 67 92.22 
27 68 84.31 
27 69 3.90 
27 70 13.82 
27 71 16.09 
27 72 66.49 
27 73 26.46 
27 74 16.52 
27 75 25.17 
27 76 49.61 
27 77 1.00 
27 78 34.66 
27 79 40.51 
27 80 43.76 
27 81 88.51 
27 82 65.17 
27 83 10.60 
27 84 68.66 
27 85 54.40 
27 86 59.56 
27 87 24.78 
27 88 87.10 
27 89 57.67 
27 90 63.96 
27 91 60.65 
27 92 0.03 
27 93 59.00 
27 94 8.22 
27 95 16.29 
27 96 87.25 
27 97 22.20 
27 98 8.51 
27 99 71.55 
28 29 26.10 
28 30 22.33 
28 31 87.64 
28 32 92.59 
28 33 48.79 
28 34 4.16 
28 35 17.76 
28 36 98.40 
28 37 5.17 
28 38 52.41 
28 39 38.91 
28 40 48.93 
28 41 40.92 
28 42 4.08 
28 43 59.53 
28 44 9.58 
28 45 58.48 
28 46 19.09 
28 47 34.36 
28 48 45.58 
28 49 76.76 
28 50 98.32 
28 51 6.23 
28 52 76.79 
28 53 57.32 
28 54 14.45 
28 55 93.08 
28 56 44.57 
28 57 36.65 
28 58 1.58 
28 59 16.12 
28 60 62.75 
28 61 23.91 
28 62 3.77 
28 63 55.34 
28 64 72.70 
28 65 7.93 
28 66 73.10 
28 67 71.10 
28 68 13.09 
28 69 25.51 
28 70 10.01 
28 71 62.02 
28 72 66.44 
28 73 14.08 
28 74 21.55 
28 75 76.02 
28 76 72.56 
28 77 40.64 
28 78 10.38 
28 79 18.14 
28 80 17.40 
28 81 8.71 
28 82 24.37 
28 83 94.19 
28 84 66.03 
28 85 38.81 
28 86 87.27 
28 87 10.60 
28 88 75.46 
28 89 88.86 
28 90 26.72 
28 91 38.21 
28 92 12.77 
28 93 30.48 
28 94 93.55 
28 95 85.47 
28 96 38.41 
28 97 66.65 
28 98 56.57 
28 99 51.51 
29 30 92.16 
29 31 66.57 
29 32 13.53 
29 33 58.60 
29 34 80.66 
29 35 35.08 
29 36 34.62 
29 37 53.22 
29 38 75.72 
29 39 45.00 
29 40 71.36 
29 41 93.13 
29 42 53.71 
29 43 95.73 
29 44 87.32 
29 45 19.74 
29 46 34.54 
29 47 74.59 
29 48 30.33 
29 49 10.00 
29 50 63.44 
29 51 57.05 
29 52 48.21 
29 53 76.21 
29 54 87.54 
29 55 41.76 
29 56 61.68 
29 57 25.95 
29 58 8.42 
29 59 18.24 
29 60 77.46 
29 61 0.58 
29 62 84.82 
29 63 90.98 
29 64 59.18 
29 65 65.48 
29 66 26.07 
29 67 93.80 
29 68 18.69 
29 69 1.79 
29 70 38.81 
29 71 90.05 
29 72 94.92 
29 73 92.52 
29 74 85.78 
29 75 82.23 
29 76 12.26 
29 77 20.32 
29 78 56.82 
29 79 42.59 
29 80 30.32 
29 81 20.27 
29 82 99.65 
29 83 78.53 
29 84 96.48 
29 85 87.18 
29 86 20.29 
29 87 58.15 
29 88 13.13 
29 89 28.71 
29 90 76.40 
29 91 90.59 
29 92 29.29 
29 93 61.21 
29 94 81.57 
29 95 88.47 
29 96 26.69 
29 97 7.64 
29 98 82.28 
29 99 45.38 
30 31 9.43 
30 32 21.09 
30 33 35.44 
30 34 4.35 
30 35 13.61 
30 36 21.22 
30 37 86.58 
30 38 25.86 
30 39 41.54 
30 40 43.41 
30 41 68.46 
30 42 71.86 
30 43 63.67 
30 44 68.10 
30 45 50.39 
30 46 60.15 
30 47 55.29 
30 48 70.68 
30 49 18.30 
30 50 68.42 
30 51 99.39 
30 52 94.70 
30 53 59.01 
30 54 28.69 
30 55 55.91 
30 56 40.59 
30 57 17.16 
30 58 82.60 
30 59 48.23 
30 60 99.44 
30 61 27.99 
30 62 57.66 
30 63 20.52 
30 64 63.42 
30 65 62.01 
30 66 34.13 
30 67 84.64 
30 68 48.59 
30 69 59.99 
30 70 26.18 
30 71 91.99 
30 72 28.45 
30 73 98.04 
30 74 55.66 
30 75 96.55 
30 76 48.43 
30 77 15.81 
30 78 51.84 
30 79 19.11 
30 80 34.11 
30 81 20.26 
30 82 18.50 
30 83 28.81 
30 84 79.27 
30 85 47.19 
30 86 84.72 
30 87 19.86 
30 88 64.35 
30 89 67.32 
30 90 68.08 
30 91 63.79 
30 92 95.31 
30 93 25.74 
30 94 84.31 
30 95 58.74 
30 96 87.74 
30 97 18.44 
30 98 43.38 
30 99 36.33 
31 32 78.43 
31 33 69.56 
31 34 28.32 
31 35 6.88 
31 36 67.60 
31 37 83.99 
31 38 3.44 
31 39 16.02 
31 40 99.80 
31 41 55.27 
31 42 35.13 
31 43 33.91 
31 44 75.53 
31 45 53.64 
31 46 62.72 
31 47 54.81 
31 48 0.82 
31 49 47.45 
31 50 74.66 
31 51 65.17 
31 52 14.77 
31 53 42.74 
31 54 28.96 
31 55 10.08 
31 56 68.48 
31 57 13.27 
31 58 68.82 
31 59 56.23 
31 60 31.71 
31 61 12.19 
31 62 92.56 
31 63 10.14 
31 64 81.75 
31 65 20.88 
31 66 17.02 
31 67 49.35 
31 68 4.87 
31 69 20.46 
31 70 65.37 
31 71 4.67 
31 72 75.73 
31 73 0.51 
31 74 38.59 
31 75 51.27 
31 76 54.14 
31 77 1.31 
31 78 6.07 
31 79 54.97 
31 80 48.76 
31 81 80.74 
31 82 20.14 
31 83 63.53 
31 84 23.48 
31 85 49.10 
31 86 73.61 
31 87 91.97 
31 88 62.37 
31 89 42.42 
31 90 48.19 
31 91 94.07 
31 92 54.62 
31 93 40.75 
31 94 4.21 
31 95 36.37 
31 96 61.64 
31 97 21.24 
31 98 85.72 
31 99 66.51 
32 33 41.70 
32 34 51.10 
32 35 71.19 
32 36 17.43 
32 37 51.60 
32 38 9.77 
32 39 68.70 
32 40 5.74 
32 41 11.08 
32 42 74.77 
32 43 60.71 
32 44 59.84 
32 45 55.51 
32 46 80.85 
32 47 23.37 
32 48 78.99 
32 49 29.95 
32 50 96.98 
32 51 70.96 
32 52 92.31 
32 53 39.40 
32 54 19.16 
32 55 86.39 
32 56 94.02 
32 57 59.91 
32 58 90.60 
32 59 30.40 
32 60 21.55 
32 61 11.84 
32 62 16.12 
32 63 88.06 
32 64 53.54 
32 65 67.21 
32 66 59.25 
32 67 70.97 
32 68 18.82 
32 69 69.02 
32 70 39.67 
32 71 24.56 
32 72 80.11 
32 73 14.44 
32 74 85.27 
32 75 39.95 
32 76 69.95 
32 77 66.11 
32 78 63.32 
32 79 48.95 
32 80 96.06 
32 81 60.30 
32 82 19.91 
32 83 88.37 
32 84 99.70 
32 85 39.06 
32 86 74.76 
32 87 93.72 
32 88 98.97 
32 89 65.36 
32 90 24.12 
32 91 20.52 
32 92 77.20 
32 93 40.24 
32 94 8.58 
32 95 30.73 
32 96 7.45 
32 97 67.83 
32 98 1.70 
32 99 26.27 
33 34 36.85 
33 35 41.37 
33 36 50.83 
33 37 16.96 
33 38 55.81 
33 39 36.09 
33 40 56.90 
33 41 25.77 
33 42 2.20 
33 43 20.22 
33 44 74.71 
33 45 98.26 
33 46 80.52 
33 47 94.62 
33 48 86.63 
33 49 80.22 
33 50 33.68 
33 51 61.39 
33 52 73.94 
33 53 32.66 
33 54 26.75 
33 55 98.06 
33 56 53.18 
33 57 3.95 
33 58 38.29 
33 59 61.77 
33 60 34.68 
33 61 45.74 
33 62 29.60 
33 63 36.38 
33 64 72.01 
33 65 66.45 
33 66 77.75 
33 67 22.84 
33 68 83.41 
33 69 33.56 
33 70 58.93 
33 71 40.31 
33 72 59.33 
33 73 61.13 
33 74 60.53 
33 75 34.04 
33 76 59.40 
33 77 41.05 
33 78 28.66 
33 79 46.03 
33 80 21.27 
33 81 62.35 
33 82 7.42 
33 83 95.20 
33 84 95.00 
33 85 34.17 
33 86 93.26 
33 87 48.19 
33 88 38.11 
33 89 31.55 
33 90 9.95 
33 91 72.79 
33 92 77.30 
33 93 39.55 
33 94 9.18 
33 95 49.31 
33 96 6.00 
33 97 86.93 
33 98 72.15 
33 99 89.40 
34 35 20.49 
34 36 31.07 
34 37 29.71 
34 38 79.82 
34 39 92.21 
34 40 90.24 
34 41 13.86 
34 42 51.60 
34 43 31.29 
34 44 42.52 
34 45 97.63 
34 46 52.55 
34 47 4.87 
34 48 5.06 
34 49 47.76 
34 50 99.87 
34 51 39.22 
34 52 41.02 
34 53 48.06 
34 54 77.34 
34 55 72.57 
34 56 58.01 
34 57 50.13 
34 58 49.87 
34 59 97.56 
34 60 59.31 
34 61 99.18 
34 62 3.55 
34 63 46.24 
34 64 71.33 
34 65 92.95 
34 66 66.72 
34 67 2.40 
34 68 22.66 
34 69 46.54 
34 70 94.61 
34 71 12.90 
34 72 60.40 
34 73 46.21 
34 74 44.19 
34 75 2.92 
34 76 43.85 
34 77 96.75 
34 78 7.78 
34 79 48.90 
34 80 44.50 
34 81 7.66 
34 82 88.13 
34 83 85.52 
34 84 55.71 
34 85 65.47 
34 86 58.10 
34 87 13.72 
34 88 15.60 
34 89 7.97 
34 90 11.28 
34 91 74.91 
34 92 7.15 
34 93 14.83 
34 94 21.14 
34 95 78.48 
34 96 7.78 
34 97 87.87 
34 98 80.89 
34 99 30.44 
35 36 34.41 
35 37 75.50 
35 38 43.34 
35 39 94.81 
35 40 21.71 
35 41 87.53 
35 42 97.73 
35 43 65.56 
35 44 84.28 
35 45 5.51 
35 46 14.47 
35 47 28.78 
35 48 13.17 
35 49 2.59 
35 50 14.31 
35 51 68.88 
35 52 68.06 
35 53 72.40 
35 54 82.60 
35 55 83.66 
35 56 80.38 
35 57 93.87 
35 58 58.57 
35 59 87.53 
35 60 8.70 
35 61 79.72 
35 62 66.01 
35 63 16.48 
35 64 67.58 
35 65 46.90 
35 66 46.91 
35 67 1.99 
35 68 22.39 
35 69 90.25 
35 70 96.80 
35 71 44.11 
35 72 77.78 
35 73 94.53 
35 74 9.67 
35 75 62.06 
35 76 0.04 
35 77 24.13 
35 78 90.84 
35 79 13.21 
35 80 26.72 
35 81 5.15 
35 82 82.09 
35 83 94.79 
35 84 77.55 
35 85 64.68 
35 86 78.45 
35 87 57.93 
35 88 58.56 
35 89 37.02 
35 90 45.46 
35 91 67.26 
35 92 16.74 
35 93 11.47 
35 94 83.74 
35 95 84.32 
35 96 58.36 
35 97 30.65 
35 98 86.31 
35 99 80.76 
36 37 20.90 
36 38 83.12 
36 39 24.86 
36 40 98.69 
36 41 77.65 
36 42 34.53 
36 43 60.75 
36 44 77.69 
36 45 58.66 
36 46 51.59 
36 47 90.89 
36 48 85.38 
36 49 56.74 
36 50 72.98 
36 51 80.17 
36 52 34.29 
36 53 37.66 
36 54 58.62 
36 55 92.22 
36 56 96.22 
36 57 95.64 
36 58 37.67 
36 59 63.48 
36 60 12.37 
36 61 49.14 
36 62 47.22 
36 63 96.69 
36 64 7.51 
36 65 77.87 
36 66 83.01 
36 67 88.26 
36 68 98.77 
36 69 66.12 
36 70 13.13 
36 71 97.46 
36 72 43.77 
36 73 47.66 
36 74 58.21 
36 75 21.45 
36 76 6.32 
36 77 9.80 
36 78 12.35 
36 79 91.70 
36 80 66.53 
36 81 85.33 
36 82 71.87 
36 83 0.82 
36 84 22.99 
36 85 30.49 
36 86 93.04 
36 87 19.22 
36 88 26.13 
36 89 30.71 
36 90 82.70 
36 91 38.51 
36 92 79.85 
36 93 29.92 
36 94 35.20 
36 95 87.36 
36 96 7.78 
36 97 18.21 
36 98 75.62 
36 99 6.56 
37 38 84.33 
37 39 88.75 
37 40 4.02 
37 41 28.09 
37 42 36.41 
37 43 62.22 
37 44 49.55 
37 45 42.72 
37 46 72.02 
37 47 61.90 
37 48 34.42 
37 49 38.56 
37 50 47.22 
37 51 6.29 
37 52 39.38 
37 53 70.22 
37 54 36.78 
37 55 32.42 
37 56 89.43 
37 57 62.91 
37 58 63.13 
37 59 72.13 
37 60 1.42 
37 61 42.99 
37 62 2.05 
37 63 36.62 
37 64 30.35 
37 65 9.83 
37 66 54.82 
37 67 5.97 
37 68 16.39 
37 69 39.15 
37 70 94.72 
37 71 20.40 
37 72 67.25 
37 73 31.13 
37 74 82.63 
37 75 16.79 
37 76 73.85 
37 77 54.65 
37 78 78.69 
37 79 8.27 
37 80 93.20 
37 81 25.91 
37 82 14.56 
37 83 32.58 
37 84 96.13 
37 85 51.34 
37 86 65.00 
37 87 85.56 
37 88 14.25 
37 89 28.13 
37 90 57.70 
37 91 15.67 
37 92 71.12 
37 93 59.74 
37 94 52.29 
37 95 1.47 
37 96 69.58 
37 97 7.12 
37 98 7.44 
37 99 85.97 
38 39 46.27 
38 40 2.16 
38 41 6.37 
38 42 13.51 
38 43 33.28 
38 44 89.00 
38 45 30.31 
38 46 7.13 
38 47 43.65 
38 48 9.00 
38 49 15.39 
38 50 36.85 
38 51 34.91 
38 52 29.95 
38 53 69.43 
38 54 31.04 
38 55 81.29 
38 56 34.43 
38 57 16.61 
38 58 95.55 
38 59 62.57 
38 60 74.30 
38 61 11.22 
38 62 33.69 
38 63 34.05 
38 64 63.51 
38 65 35.16 
38 66 3.62 
38 67 70.63 
38 68 42.59 
38 69 89.59 
38 70 16.89 
38 71 44.75 
38 72 95.96 
38 73 30.41 
38 74 78.03 
38 75 84.96 
38 76 60.71 
38 77 85.16 
38 78 28.61 
38 79 69.71 
38 80 0.56 
38 81 65.46 
38 82 4.62 
38 83 30.51 
38 84 34.89 
38 85 35.66 
38 86 11.80 
38 87 69.32 
38 88 52.27 
38 89 7.35 
38 90 31.89 
38 91 26.57 
38 92 18.57 
38 93 65.58 
38 94 60.61 
38 95 82.09 
38 96 0.73 
38 97 64.24 
38 98 52.72 
38 99 43.33 
39 40 53.83 
39 41 69.61 
39 42 88.08 
39 43 49.79 
39 44 0.02 
39 45 66.11 
39 46 34.75 
39 47 60.73 
39 48 51.27 
39 49 63.36 
39 50 30.44 
39 51 51.83 
39 52 28.81 
39 53 35.06 
39 54 82.34 
39 55 63.70 
39 56 70.72 
39 57 94.14 
39 58 33.02 
39 59 22.99 
39 60 1.50 
39 61 64.91 
39 62 49.56 
39 63 20.07 
39 64 30.49 
39 65 10.17 
39 66 2.16 
39 67 31.22 
39 68 74.41 
39 69 54.87 
39 70 74.54 
39 71 28.24 
39 72 24.48 
39 73 62.62 
39 74 78.03 
39 75 24.50 
39 76 28.73 
39 77 12.78 
39 78 85.23 
39 79 80.00 
39 80 76.13 
39 81 15.67 
39 82 31.83 
39 83 4.95 
39 84 50.73 
39 85 14.18 
39 86 68.65 
39 87 21.45 
39 88 8.32 
39 89 1.67 
39 90 44.44 
39 91 9.82 
39 92 66.58 
39 93 94.00 
39 94 29.89 
39 95 97.07 
39 96 4.17 
39 97 32.04 
39 98 28.29 
39 99 78.58 
40 41 86.92 
40 42 2.83 
40 43 6.82 
40 44 11.40 
40 45 65.45 
40 46 84.85 
40 47 35.90 
40 48 94.18 
40 49 97.63 
40 50 21.13 
40 51 74.19 
40 52 73.76 
40 53 36.80 
40 54 6.02 
40 55 78.71 
40 56 87.53 
40 57 20.20 
40 58 47.36 
40 59 8.98 
40 60 28.52 
40 61 49.03 
40 62 53.42 
40 63 38.33 
40 64 15.61 
40 65 47.41 
40 66 68.22 
40 67 12.67 
40 68 51.58 
40 69 0.27 
40 70 40.96 
40 71 30.16 
40 72 87.18 
40 73 43.79 
40 74 36.98 
40 75 98.58 
40 76 9.24 
40 77 21.83 
40 78 34.48 
40 79 3.42 
40 80 19.46 
40 81 55.61 
40 82 77.61 
40 83 93.22 
40 84 92.41 
40 85 83.63 
40 86 71.93 
40 87 79.93 
40 88 3.83 
40 89 19.29 
40 90 88.91 
40 91 32.34 
40 92 68.31 
40 93 42.32 
40 94 70.68 
40 95 83.92 
40 96 89.74 
40 97 38.90 
40 98 96.59 
40 99 41.32 
41 42 39.16 
41 43 37.55 
41 44 71.48 
41 45 26.35 
41 46 81.34 
41 47 8.46 
41 48 24.93 
41 49 90.58 
41 50 30.29 
41 51 59.41 
41 52 94.00 
41 53 49.74 
41 54 15.02 
41 55 71.61 
41 56 42.96 
41 57 7.43 
41 58 55.24 
41 59 14.89 
41 60 87.37 
41 61 59.07 
41 62 34.18 
41 63 76.28 
41 64 91.41 
41 65 2.49 
41 66 18.60 
41 67 62.09 
41 68 86.41 
41 69 8.34 
41 70 0.99 
41 71 83.00 
41 72 49.65 
41 73 40.15 
41 74 20.55 
41 75 21.13 
41 76 66.50 
41 77 1.89 
41 78 29.59 
41 79 91.43 
41 80 92.46 
41 81 59.88 
41 82 50.84 
41 83 86.47 
41 84 9.62 
41 85 65.87 
41 86 58.08 
41 87 52.58 
41 88 73.30 
41 89 13.32 
41 90 67.47 
41 91 60.67 
41 92 72.39 
41 93 1.65 
41 94 36.94 
41 95 63.80 
41 96 4.13 
41 97 55.54 
41 98 25.89 
41 99 90.54 
42 43 63.88 
42 44 26.88 
42 45 73.53 
42 46 13.53 
42 47 67.03 
42 48 94.08 
42 49 34.66 
42 50 33.52 
42 51 95.96 
42 52 64.25 
42 53 24.95 
42 54 88.43 
42 55 24.13 
42 56 75.79 
42 57 74.90 
42 58 33.75 
42 59 41.66 
42 60 32.98 
42 61 86.33 
42 62 14.96 
42 63 46.30 
42 64 53.80 
42 65 75.63 
42 66 18.68 
42 67 55.44 
42 68 12.57 
42 69 82.48 
42 70 59.57 
42 71 68.11 
42 72 8.37 
42 73 50.11 
42 74 31.99 
42 75 35.25 
42 76 23.65 
42 77 45.52 
42 78 2.27 
42 79 17.73 
42 80 80.18 
42 81 35.80 
42 82 13.69 
42 83 44.43 
42 84 60.75 
42 85 2.12 
42 86 68.56 
42 87 36.54 
42 88 77.02 
42 89 2.31 
42 90 78.20 
42 91 9.99 
42 92 88.63 
42 93 93.17 
42 94 56.29 
42 95 42.43 
42 96 68.79 
42 97 74.97 
42 98 97.87 
42 99 81.36 
43 44 57.45 
43 45 57.44 
43 46 49.47 
43 47 65.83 
43 48 7.56 
43 49 81.46 
43 50 1.07 
43 51 31.20 
43 52 26.98 
43 53 3.34 
43 54 48.93 
43 55 7.16 
43 56 39.14 
43 57 62.62 
43 58 51.59 
43 59 99.89 
43 60 64.74 
43 61 20.15 
43 62 36.43 
43 63 41.76 
43 64 22.46 
43 65 14.64 
43 66 51.76 
43 67 11.09 
43 68 7.80 
43 69 8.05 
43 70 53.51 
43 71 76.60 
43 72 83.02 
43 73 51.38 
43 74 57.96 
43 75 40.47 
43 76 8.83 
43 77 7.43 
43 78 6.30 
43 79 16.38 
43 80 88.90 
43 81 7.37 
43 82 47.59 
43 83 15.87 
43 84 10.72 
43 85 96.52 
43 86 23.03 
43 87 49.86 
43 88 59.14 
43 89 74.62 
43 90 49.74 
43 91 23.89 
43 92 94.77 
43 93 86.17 
43 94 65.65 
43 95 17.23 
43 96 0.81 
43 97 17.41 
43 98 28.32 
43 99 8.61 
44 45 25.45 
44 46 81.83 
44 47 85.21 
44 48 8.47 
44 49 33.21 
44 50 43.17 
44 51 48.94 
44 52 42.04 
44 53 50.60 
44 54 55.24 
44 55 58.42 
44 56 39.50 
44 57 62.62 
44 58 6.01 
44 59 55.37 
44 60 73.33 
44 61 2.53 
44 62 78.41 
44 63 23.19 
44 64 61.67 
44 65 53.03 
44 66 72.93 
44 67 85.55 
44 68 47.80 
44 69 59.10 
44 70 51.20 
44 71 65.04 
44 72 59.91 
44 73 68.61 
44 74 93.35 
44 75 68.53 
44 76 94.06 
44 77 75.18 
44 78 53.73 
44 79 2.53 
44 80 8.40 
44 81 96.90 
44 82 51.47 
44 83 50.44 
44 84 47.51 
44 85 6.72 
44 86 8.86 
44 87 87.00 
44 88 69.33 
44 89 14.87 
44 90 42.38 
44 91 42.66 
44 92 17.39 
44 93 20.78 
44 94 65.85 
44 95 79.06 
44 96 73.81 
44 97 38.78 
44 98 64.61 
44 99 21.62 
45 46 97.89 
45 47 15.81 
45 48 86.65 
45 49 57.80 
45 50 84.41 
45 51 80.00 
45 52 26.32 
45 53 78.47 
45 54 55.19 
45 55 80.06 
45 56 81.00 
45 57 63.58 
45 58 76.96 
45 59 32.48 
45 60 14.02 
45 61 24.47 
45 62 39.19 
45 63 22.88 
45 64 11.47 
45 65 8.53 
45 66 37.74 
45 67 53.85 
45 68 51.19 
45 69 55.13 
45 70 74.63 
45 71 17.04 
45 72 34.19 
45 73 48.44 
45 74 55.83 
45 75 98.80 
45 76 70.06 
45 77 53.71 
45 78 14.61 
45 79 56.71 
45 80 11.51 
45 81 99.02 
45 82 36.71 
45 83 37.84 
45 84 77.49 
45 85 91.90 
45 86 17.90 
45 87 58.50 
45 88 55.48 
45 89 94.86 
45 90 90.97 
45 91 69.50 
45 92 19.32 
45 93 30.17 
45 94 92.38 
45 95 30.79 
45 96 38.70 
45 97 30.12 
45 98 84.64 
45 99 89.89 
46 47 85.26 
46 48 59.26 
46 49 6.94 
46 50 19.45 
46 51 7.70 
46 52 62.76 
46 53 18.25 
46 54 77.76 
46 55 16.47 
46 56 32.86 
46 57 34.47 
46 58 27.99 
46 59 31.88 
46 60 71.18 
46 61 65.82 
46 62 9.37 
46 63 63.08 
46 64 83.72 
46 65 67.87 
46 66 18.56 
46 67 78.58 
46 68 58.84 
46 69 88.06 
46 70 97.90 
46 71 89.01 
46 72 80.44 
46 73 28.69 
46 74 27.71 
46 75 10.56 
46 76 13.33 
46 77 17.60 
46 78 95.82 
46 79 72.59 
46 80 24.53 
46 81 15.27 
46 82 80.30 
46 83 87.30 
46 84 33.52 
46 85 58.06 
46 86 3.77 
46 87 66.38 
46 88 92.52 
46 89 31.76 
46 90 98.26 
46 91 63.70 
46 92 97.58 
46 93 7.63 
46 94 26.78 
46 95 81.30 
46 96 75.50 
46 97 45.34 
46 98 59.88 
46 99 34.34 
47 48 33.41 
47 49 57.78 
47 50 23.35 
47 51 13.85 
47 52 86.47 
47 53 51.06 
47 54 24.41 
47 55 99.80 
47 56 68.66 
47 57 20.23 
47 58 72.39 
47 59 93.20 
47 60 35.50 
47 61 52.69 
47 62 80.49 
47 63 69.02 
47 64 10.74 
47 65 84.26 
47 66 35.40 
47 67 3.27 
47 68 16.02 
47 69 33.65 
47 70 66.97 
47 71 13.60 
47 72 41.28 
47 73 93.75 
47 74 94.91 
47 75 16.78 
47 76 39.09 
47 77 54.79 
47 78 51.12 
47 79 72.50 
47 80 12.57 
47 81 74.48 
47 82 86.35 
47 83 99.04 
47 84 25.54 
47 85 10.76 
47 86 98.83 
47 87 94.20 
47 88 30.99 
47 89 71.22 
47 90 87.40 
47 91 66.49 
47 92 23.91 
47 93 67.89 
47 94 35.52 
47 95 34.65 
47 96 52.15 
47 97 70.92 
47 98 37.92 
47 99 68.18 
48 49 4.57 
48 50 4.89 
48 51 81.78 
48 52 45.85 
48 53 98.64 
48 54 76.69 
48 55 62.63 
48 56 37.74 
48 57 31.48 
48 58 13.75 
48 59 10.24 
48 60 44.04 
48 61 88.23 
48 62 96.58 
48 63 43.08 
48 64 13.77 
48 65 7.34 
48 66 41.91 
48 67 7.97 
48 68 38.33 
48 69 13.13 
48 70 95.37 
48 71 4.82 
48 72 37.04 
48 73 63.26 
48 74 40.34 
48 75 71.69 
48 76 15.41 
48 77 11.25 
48 78 9.61 
48 79 83.59 
48 80 15.82 
48 81 14.50 
48 82 65.37 
48 83 61.68 
48 84 13.15 
48 85 42.06 
48 86 24.31 
48 87 50.88 
48 88 73.53 
48 89 38.06 
48 90 61.12 
48 91 17.57 
48 92 26.29 
48 93 57.70 
48 94 60.65 
48 95 40.06 
48 96 65.04 
48 97 2.56 
48 98 48.03 
48 99 3.37 
49 50 15.69 
49 51 43.40 
49 52 8.19 
49 53 52.73 
49 54 6.66 
49 55 48.53 
49 56 24.42 
49 57 22.07 
49 58 59.79 
49 59 34.04 
49 60 5.66 
49 61 75.61 
49 62 48.54 
49 63 71.02 
49 64 37.29 
49 65 61.69 
49 66 13.08 
49 67 61.60 
49 68 12.57 
49 69 86.61 
49 70 99.66 
49 71 73.69 
49 72 4.18 
49 73 25.96 
49 74 31.39 
49 75 64.83 
49 76 66.02 
49 77 96.43 
49 78 67.39 
49 79 14.05 
49 80 99.80 
49 81 83.08 
49 82 57.45 
49 83 8.00 
49 84 35.81 
49 85 64.11 
49 86 56.53 
49 87 60.23 
49 88 86.18 
49 89 16.32 
49 90 94.27 
49 91 91.84 
49 92 91.93 
49 93 42.81 
49 94 62.86 
49 95 29.22 
49 96 4.50 
49 97 75.94 
49 98 90.82 
49 99 17.07 
50 51 62.55 
50 52 90.48 
50 53 90.76 
50 54 66.74 
50 55 16.43 
50 56 22.15 
50 57 31.57 
50 58 82.45 
50 59 18.58 
50 60 98.96 
50 61 96.51 
50 62 18.38 
50 63 82.03 
50 64 53.96 
50 65 26.37 
50 66 17.84 
50 67 18.07 
50 68 82.90 
50 69 78.08 
50 70 4.25 
50 71 99.22 
50 72 72.35 
50 73 96.09 
50 74 91.15 
50 75 15.16 
50 76 58.95 
50 77 20.37 
50 78 19.66 
50 79 34.90 
50 80 11.19 
50 81 36.73 
50 82 97.45 
50 83 1.67 
50 84 27.49 
50 85 64.19 
50 86 18.10 
50 87 49.64 
50 88 95.75 
50 89 0.55 
50 90 68.22 
50 91 94.71 
50 92 97.06 
50 93 86.59 
50 94 76.74 
50 95 51.02 
50 96 12.97 
50 97 94.59 
50 98 69.09 
50 99 95.87 
51 52 72.66 
51 53 73.34 
51 54 95.10 
51 55 45.01 
51 56 69.43 
51 57 86.25 
51 58 60.17 
51 59 28.39 
51 60 6.62 
51 61 79.84 
51 62 63.28 
51 63 17.81 
51 64 16.57 
51 65 60.73 
51 66 19.47 
51 67 44.06 
51 68 24.92 
51 69 37.57 
51 70 93.70 
51 71 20.67 
51 72 38.12 
51 73 61.92 
51 74 15.38 
51 75 35.18 
51 76 48.51 
51 77 92.12 
51 78 86.20 
51 79 61.48 
51 80 86.71 
51 81 55.29 
51 82 57.35 
51 83 59.37 
51 84 28.63 
51 85 52.45 
51 86 4.39 
51 87 98.06 
51 88 38.70 
51 89 64.56 
51 90 26.45 
51 91 45.32 
51 92 44.40 
51 93 89.73 
51 94 63.13 
51 95 60.97 
51 96 50.46 
51 97 82.61 
51 98 5.03 
51 99 75.38 
52 53 20.18 
52 54 98.73 
52 55 96.05 
52 56 58.30 
52 57 60.65 
52 58 11.43 
52 59 93.49 
52 60 9.16 
52 61 3.55 
52 62 79.68 
52 63 70.64 
52 64 90.26 
52 65 34.97 
52 66 27.99 
52 67 49.64 
52 68 63.60 
52 69 80.44 
52 70 54.02 
52 71 61.66 
52 72 19.14 
52 73 18.58 
52 74 88.11 
52 75 64.46 
52 76 62.98 
52 77 77.84 
52 78 27.59 
52 79 23.94 
52 80 28.30 
52 81 10.20 
52 82 28.97 
52 83 3.68 
52 84 30.38 
52 85 27.70 
52 86 99.73 
52 87 88.68 
52 88 88.35 
52 89 11.16 
52 90 82.17 
52 91 97.50 
52 92 14.71 
52 93 61.85 
52 94 68.14 
52 95 4.97 
52 96 96.82 
52 97 96.13 
52 98 54.61 
52 99 60.42 
53 54 76.57 
53 55 8.63 
53 56 22.09 
53 57 95.71 
53 58 27.21 
53 59 10.20 
53 60 60.17 
53 61 90.19 
53 62 88.04 
53 63 87.76 
53 64 14.13 
53 65 16.34 
53 66 97.96 
53 67 43.10 
53 68 20.02 
53 69 28.33 
53 70 70.80 
53 71 19.75 
53 72 17.01 
53 73 59.15 
53 74 30.90 
53 75 99.18 
53 76 56.65 
53 77 45.61 
53 78 61.03 
53 79 24.79 
53 80 50.58 
53 81 57.85 
53 82 20.92 
53 83 5.18 
53 84 18.27 
53 85 97.48 
53 86 13.81 
53 87 40.36 
53 88 93.19 
53 89 41.02 
53 90 50.55 
53 91 53.35 
53 92 31.21 
53 93 38.59 
53 94 41.11 
53 95 45.34 
53 96 54.93 
53 97 39.07 
53 98 88.44 
53 99 74.95 
54 55 67.40 
54 56 59.25 
54 57 94.70 
54 58 84.41 
54 59 18.40 
54 60 25.60 
54 61 83.59 
54 62 75.05 
54 63 71.21 
54 64 44.62 
54 65 99.84 
54 66 21.79 
54 67 2.47 
54 68 20.76 
54 69 26.97 
54 70 20.74 
54 71 18.24 
54 72 40.79 
54 73 61.10 
54 74 11.42 
54 75 81.81 
54 76 11.65 
54 77 64.78 
54 78 13.01 
54 79 50.24 
54 80 5.89 
54 81 58.35 
54 82 5.17 
54 83 44.96 
54 84 46.80 
54 85 80.12 
54 86 12.36 
54 87 6.04 
54 88 74.82 
54 89 96.77 
54 90 24.44 
54 91 0.42 
54 92 80.36 
54 93 99.49 
54 94 71.63 
54 95 24.98 
54 96 99.33 
54 97 93.42 
54 98 27.44 
54 99 20.08 
55 56 20.39 
55 57 48.18 
55 58 38.32 
55 59 61.18 
55 60 9.28 
55 61 49.74 
55 62 42.98 
55 63 20.93 
55 64 14.52 
55 65 56.00 
55 66 71.17 
55 67 20.41 
55 68 14.35 
55 69 76.34 
55 70 65.37 
55 71 61.15 
55 72 56.45 
55 73 77.73 
55 74 67.19 
55 75 31.27 
55 76 74.50 
55 77 91.62 
55 78 31.69 
55 79 54.86 
55 80 91.11 
55 81 3.31 
55 82 79.83 
55 83 90.44 
55 84 96.73 
55 85 7.28 
55 86 10.52 
55 87 17.12 
55 88 55.46 
55 89 48.84 
55 90 78.29 
55 91 64.74 
55 92 98.58 
55 93 21.27 
55 94 85.67 
55 95 13.10 
55 96 77.27 
55 97 56.83 
55 98 33.52 
55 99 91.62 
56 57 33.17 
56 58 98.88 
56 59 52.77 
56 60 89.62 
56 61 76.61 
56 62 19.95 
56 63 20.89 
56 64 51.11 
56 65 11.58 
56 66 52.58 
56 67 5.96 
56 68 2.69 
56 69 55.89 
56 70 85.79 
56 71 93.13 
56 72 52.62 
56 73 93.07 
56 74 3.65 
56 75 69.74 
56 76 48.53 
56 77 52.49 
56 78 48.03 
56 79 13.27 
56 80 51.07 
56 81 69.30 
56 82 98.94 
56 83 64.18 
56 84 46.57 
56 85 55.77 
56 86 97.69 
56 87 38.19 
56 88 88.94 
56 89 96.58 
56 90 90.96 
56 91 78.56 
56 92 73.19 
56 93 10.91 
56 94 99.46 
56 95 24.29 
56 96 22.49 
56 97 52.04 
56 98 30.25 
56 99 25.18 
57 58 7.93 
57 59 16.05 
57 60 18.31 
57 61 60.55 
57 62 9.12 
57 63 21.96 
57 64 30.28 
57 65 57.65 
57 66 74.45 
57 67 78.31 
57 68 70.92 
57 69 25.52 
57 70 47.62 
57 71 69.86 
57 72 89.70 
57 73 94.19 
57 74 25.62 
57 75 87.39 
57 76 32.38 
57 77 14.56 
57 78 83.97 
57 79 23.34 
57 80 93.12 
57 81 57.15 
57 82 34.26 
57 83 92.58 
57 84 81.44 
57 85 56.75 
57 86 44.61 
57 87 11.70 
57 88 81.93 
57 89 52.54 
57 90 27.74 
57 91 0.24 
57 92 13.09 
57 93 36.86 
57 94 22.20 
57 95 43.38 
57 96 94.51 
57 97 96.65 
57 98 21.69 
57 99 65.43 
58 59 22.18 
58 60 69.30 
58 61 35.29 
58 62 11.87 
58 63 63.49 
58 64 60.91 
58 65 99.26 
58 66 95.87 
58 67 75.47 
58 68 83.23 
58 69 19.22 
58 70 68.59 
58 71 40.38 
58 72 53.47 
58 73 61.17 
58 74 21.83 
58 75 10.22 
58 76 5.79 
58 77 33.52 
58 78 92.15 
58 79 58.33 
58 80 61.27 
58 81 92.39 
58 82 71.42 
58 83 98.13 
58 84 14.60 
58 85 14.79 
58 86 92.64 
58 87 11.25 
58 88 36.48 
58 89 58.07 
58 90 33.43 
58 91 5.79 
58 92 93.35 
58 93 45.30 
58 94 69.28 
58 95 54.26 
58 96 44.56 
58 97 65.15 
58 98 29.73 
58 99 27.79 
59 60 84.37 
59 61 98.33 
59 62 68.18 
59 63 37.84 
59 64 59.50 
59 65 90.00 
59 66 48.06 
59 67 65.29 
59 68 23.52 
59 69 40.21 
59 70 23.61 
59 71 84.79 
59 72 32.60 
59 73 95.03 
59 74 82.92 
59 75 47.20 
59 76 9.83 
59 77 75.56 
59 78 58.45 
59 79 46.31 
59 80 33.63 
59 81 91.88 
59 82 52.10 
59 83 26.98 
59 84 37.18 
59 85 21.38 
59 86 81.25 
59 87 81.74 
59 88 86.53 
59 89 10.98 
59 90 9.54 
59 91 70.90 
59 92 9.31 
59 93 77.71 
59 94 8.74 
59 95 68.81 
59 96 67.71 
59 97 56.79 
59 98 34.09 
59 99 91.24 
60 61 97.00 
60 62 57.71 
60 63 76.03 
60 64 29.61 
60 65 52.74 
60 66 58.95 
60 67 76.81 
60 68 62.57 
60 69 34.51 
60 70 35.26 
60 71 8.88 
60 72 68.14 
60 73 27.14 
60 74 60.97 
60 75 95.12 
60 76 64.32 
60 77 82.35 
60 78 76.37 
60 79 46.06 
60 80 68.88 
60 81 87.35 
60 82 55.60 
60 83 39.78 
60 84 96.66 
60 85 33.31 
60 86 48.51 
60 87 65.47 
60 88 1.02 
60 89 5.31 
60 90 99.56 
60 91 92.26 
60 92 2.31 
60 93 57.27 
60 94 68.29 
60 95 31.92 
60 96 10.01 
60 97 27.24 
60 98 8.72 
60 99 72.58 
61 62 61.75 
61 63 43.98 
61 64 81.46 
61 65 29.89 
61 66 71.12 
61 67 42.43 
61 68 25.01 
61 69 35.44 
61 70 24.78 
61 71 1.38 
61 72 81.50 
61 73 93.66 
61 74 88.73 
61 75 37.10 
61 76 33.44 
61 77 85.39 
61 78 70.41 
61 79 81.96 
61 80 50.86 
61 81 71.44 
61 82 87.26 
61 83 50.42 
61 84 63.70 
61 85 89.57 
61 86 7.69 
61 87 31.99 
61 88 21.49 
61 89 17.71 
61 90 59.23 
61 91 30.21 
61 92 90.29 
61 93 20.98 
61 94 74.20 
61 95 71.74 
61 96 50.87 
61 97 45.32 
61 98 14.17 
61 99 75.88 
62 63 80.76 
62 64 38.95 
62 65 77.25 
62 66 62.27 
62 67 32.62 
62 68 65.98 
62 69 99.37 
62 70 66.06 
62 71 51.37 
62 72 69.78 
62 73 48.01 
62 74 2.22 
62 75 41.22 
62 76 35.28 
62 77 52.64 
62 78 4.91 
62 79 24.85 
62 80 60.34 
62 81 36.90 
62 82 46.34 
62 83 78.04 
62 84 96.13 
62 85 76.56 
62 86 68.33 
62 87 17.11 
62 88 50.75 
62 89 40.07 
62 90 67.98 
62 91 96.07 
62 92 54.24 
62 93 43.86 
62 94 76.84 
62 95 93.19 
62 96 21.11 
62 97 39.10 
62 98 25.81 
62 99 87.09 
63 64 38.47 
63 65 91.87 
63 66 38.46 
63 67 8.25 
63 68 39.88 
63 69 40.68 
63 70 49.47 
63 71 75.16 
63 72 93.32 
63 73 54.38 
63 74 0.01 
63 75 53.66 
63 76 91.29 
63 77 46.35 
63 78 31.70 
63 79 87.42 
63 80 22.91 
63 81 0.03 
63 82 4.53 
63 83 73.66 
63 84 40.10 
63 85 72.52 
63 86 69.74 
63 87 94.34 
63 88 16.38 
63 89 46.57 
63 90 87.54 
63 91 37.49 
63 92 85.67 
63 93 13.35 
63 94 24.58 
63 95 24.14 
63 96 5.21 
63 97 63.04 
63 98 32.39 
63 99 45.09 
64 65 3.72 
64 66 81.86 
64 67 20.25 
64 68 97.04 
64 69 36.24 
64 70 20.26 
64 71 50.70 
64 72 27.53 
64 73 66.61 
64 74 82.40 
64 75 14.95 
64 76 89.52 
64 77 82.43 
64 78 19.48 
64 79 63.18 
64 80 22.53 
64 81 92.00 
64 82 32.92 
64 83 16.87 
64 84 8.37 
64 85 79.49 
64 86 4.40 
64 87 45.86 
64 88 65.17 
64 89 17.75 
64 90 70.44 
64 91 89.31 
64 92 22.96 
64 93 33.47 
64 94 21.71 
64 95 68.06 
64 96 37.19 
64 97 3.56 
64 98 88.31 
64 99 34.22 
65 66 39.81 
65 67 8.57 
65 68 84.92 
65 69 67.33 
65 70 75.18 
65 71 67.32 
65 72 82.28 
65 73 64.70 
65 74 49.75 
65 75 1.76 
65 76 27.88 
65 77 72.27 
65 78 93.75 
65 79 60.80 
65 80 89.14 
65 81 2.12 
65 82 40.30 
65 83 93.54 
65 84 47.98 
65 85 5.47 
65 86 11.29 
65 87 18.42 
65 88 94.78 
65 89 34.26 
65 90 51.89 
65 91 16.49 
65 92 2.32 
65 93 89.08 
65 94 20.05 
65 95 90.62 
65 96 23.30 
65 97 59.86 
65 98 99.19 
65 99 8.22 
66 67 27.19 
66 68 74.37 
66 69 75.54 
66 70 9.47 
66 71 39.07 
66 72 25.28 
66 73 11.22 
66 74 66.96 
66 75 97.55 
66 76 4.97 
66 77 27.76 
66 78 86.70 
66 79 7.09 
66 80 68.06 
66 81 80.24 
66 82 55.07 
66 83 73.53 
66 84 91.53 
66 85 73.49 
66 86 68.31 
66 87 25.79 
66 88 25.38 
66 89 84.80 
66 90 28.11 
66 91 14.45 
66 92 4.85 
66 93 18.73 
66 94 37.75 
66 95 64.70 
66 96 17.93 
66 97 45.97 
66 98 91.89 
66 99 92.30 
67 68 21.51 
67 69 1.36 
67 70 31.37 
67 71 46.79 
67 72 12.58 
67 73 98.33 
67 74 44.35 
67 75 17.55 
67 76 26.09 
67 77 31.04 
67 78 24.65 
67 79 94.16 
67 80 11.28 
67 81 79.72 
67 82 67.69 
67 83 2.82 
67 84 53.21 
67 85 36.00 
67 86 28.61 
67 87 78.59 
67 88 20.80 
67 89 56.72 
67 90 93.04 
67 91 25.65 
67 92 75.45 
67 93 30.79 
67 94 90.35 
67 95 93.37 
67 96 76.76 
67 97 82.24 
67 98 85.67 
67 99 98.27 
68 69 83.60 
68 70 17.05 
68 71 45.06 
68 72 96.18 
68 73 15.38 
68 74 89.41 
68 75 13.73 
68 76 41.48 
68 77 20.45 
68 78 38.38 
68 79 35.63 
68 80 31.74 
68 81 18.10 
68 82 3.32 
68 83 34.55 
68 84 71.31 
68 85 39.32 
68 86 63.16 
68 87 49.90 
68 88 60.12 
68 89 19.88 
68 90 42.94 
68 91 85.77 
68 92 95.32 
68 93 73.73 
68 94 76.12 
68 95 88.70 
68 96 50.49 
68 97 58.36 
68 98 74.37 
68 99 48.76 
69 70 41.97 
69 71 91.42 
69 72 93.83 
69 73 38.15 
69 74 6.80 
69 75 83.24 
69 76 51.88 
69 77 48.28 
69 78 3.69 
69 79 90.26 
69 80 83.92 
69 81 35.43 
69 82 8.36 
69 83 87.24 
69 84 69.98 
69 85 79.68 
69 86 26.56 
69 87 33.14 
69 88 29.57 
69 89 86.68 
69 90 53.02 
69 91 72.51 
69 92 72.45 
69 93 48.34 
69 94 46.24 
69 95 48.56 
69 96 37.04 
69 97 96.73 
69 98 6.93 
69 99 11.41 
70 71 45.49 
70 72 48.89 
70 73 2.83 
70 74 39.32 
70 75 87.04 
70 76 9.64 
70 77 22.56 
70 78 38.92 
70 79 57.92 
70 80 26.26 
70 81 29.18 
70 82 41.83 
70 83 61.69 
70 84 37.55 
70 85 29.07 
70 86 31.67 
70 87 17.22 
70 88 55.63 
70 89 64.82 
70 90 46.80 
70 91 42.31 
70 92 17.83 
70 93 19.31 
70 94 14.76 
70 95 66.18 
70 96 65.55 
70 97 63.32 
70 98 3.22 
70 99 62.28 
71 72 70.25 
71 73 14.63 
71 74 7.77 
71 75 19.14 
71 76 17.46 
71 77 47.09 
71 78 6.18 
71 79 27.10 
71 80 69.66 
71 81 45.10 
71 82 85.02 
71 83 95.92 
71 84 74.28 
71 85 26.85 
71 86 57.61 
71 87 11.83 
71 88 55.92 
71 89 89.28 
71 90 29.05 
71 91 11.55 
71 92 54.10 
71 93 75.84 
71 94 53.86 
71 95 71.93 
71 96 95.15 
71 97 68.62 
71 98 38.11 
71 99 60.69 
72 73 31.94 
72 74 41.32 
72 75 22.97 
72 76 2.19 
72 77 55.95 
72 78 30.74 
72 79 21.32 
72 80 73.41 
72 81 77.84 
72 82 27.50 
72 83 0.51 
72 84 47.49 
72 85 72.60 
72 86 85.52 
72 87 43.41 
72 88 46.88 
72 89 12.37 
72 90 1.02 
72 91 58.70 
72 92 68.29 
72 93 90.30 
72 94 87.75 
72 95 79.85 
72 96 44.40 
72 97 63.59 
72 98 33.71 
72 99 16.33 
73 74 58.74 
73 75 2.33 
73 76 54.44 
73 77 19.44 
73 78 34.27 
73 79 95.76 
73 80 42.41 
73 81 36.46 
73 82 51.71 
73 83 73.15 
73 84 57.78 
73 85 25.12 
73 86 50.98 
73 87 85.29 
73 88 25.63 
73 89 98.48 
73 90 57.88 
73 91 11.15 
73 92 41.89 
73 93 4.76 
73 94 23.52 
73 95 42.91 
73 96 63.46 
73 97 91.82 
73 98 33.21 
73 99 51.21 
74 75 71.66 
74 76 77.60 
74 77 14.80 
74 78 5.38 
74 79 93.93 
74 80 73.55 
74 81 7.71 
74 82 48.37 
74 83 92.98 
74 84 41.98 
74 85 44.13 
74 86 35.39 
74 87 78.44 
74 88 95.84 
74 89 8.54 
74 90 36.22 
74 91 20.96 
74 92 59.52 
74 93 21.51 
74 94 46.59 
74 95 58.00 
74 96 79.39 
74 97 57.74 
74 98 99.89 
74 99 84.15 
75 76 81.26 
75 77 42.79 
75 78 47.61 
75 79 73.08 
75 80 76.00 
75 81 98.82 
75 82 44.74 
75 83 53.60 
75 84 13.62 
75 85 50.12 
75 86 47.54 
75 87 87.17 
75 88 57.82 
75 89 95.90 
75 90 80.15 
75 91 99.80 
75 92 40.03 
75 93 15.54 
75 94 78.24 
75 95 35.88 
75 96 24.07 
75 97 14.46 
75 98 56.84 
75 99 83.59 
76 77 35.97 
76 78 3.43 
76 79 41.59 
76 80 15.36 
76 81 61.16 
76 82 41.48 
76 83 99.51 
76 84 42.43 
76 85 84.27 
76 86 47.12 
76 87 15.50 
76 88 60.27 
76 89 45.93 
76 90 60.25 
76 91 13.87 
76 92 59.55 
76 93 10.36 
76 94 61.41 
76 95 46.72 
76 96 68.19 
76 97 57.31 
76 98 26.87 
76 99 67.99 
77 78 97.35 
77 79 42.40 
77 80 46.23 
77 81 33.22 
77 82 66.48 
77 83 60.70 
77 84 90.06 
77 85 50.07 
77 86 96.67 
77 87 93.48 
77 88 91.66 
77 89 12.03 
77 90 54.65 
77 91 33.14 
77 92 11.53 
77 93 97.07 
77 94 17.41 
77 95 58.65 
77 96 12.57 
77 97 77.67 
77 98 4.58 
77 99 72.82 
78 79 91.54 
78 80 64.13 
78 81 83.18 
78 82 52.95 
78 83 10.85 
78 84 51.37 
78 85 10.26 
78 86 37.72 
78 87 19.36 
78 88 7.60 
78 89 80.13 
78 90 65.60 
78 91 40.83 
78 92 46.60 
78 93 26.29 
78 94 30.88 
78 95 96.68 
78 96 22.96 
78 97 24.37 
78 98 88.34 
78 99 34.99 
79 80 79.01 
79 81 21.48 
79 82 46.52 
79 83 76.08 
79 84 38.88 
79 85 5.17 
79 86 88.66 
79 87 16.55 
79 88 9.75 
79 89 61.48 
79 90 8.10 
79 91 73.88 
79 92 44.66 
79 93 61.04 
79 94 84.74 
79 95 96.04 
79 96 71.30 
79 97 22.46 
79 98 15.40 
79 99 78.91 
80 81 2.59 
80 82 81.00 
80 83 19.73 
80 84 49.19 
80 85 7.29 
80 86 50.62 
80 87 45.87 
80 88 30.25 
80 89 74.98 
80 90 34.21 
80 91 65.24 
80 92 53.99 
80 93 55.68 
80 94 11.76 
80 95 30.08 
80 96 94.56 
80 97 16.92 
80 98 18.73 
80 99 11.12 
81 82 26.67 
81 83 80.21 
81 84 19.21 
81 85 0.56 
81 86 24.88 
81 87 80.26 
81 88 85.29 
81 89 20.91 
81 90 51.56 
81 91 7.75 
81 92 36.31 
81 93 30.47 
81 94 10.34 
81 95 17.31 
81 96 50.20 
81 97 59.53 
81 98 24.60 
81 99 0.82 
82 83 5.40 
82 84 54.85 
82 85 75.80 
82 86 39.61 
82 87 20.09 
82 88 29.80 
82 89 95.29 
82 90 31.85 
82 91 59.87 
82 92 89.85 
82 93 48.77 
82 94 78.61 
82 95 0.97 
82 96 75.44 
82 97 58.82 
82 98 20.19 
82 99 76.00 
83 84 83.70 
83 85 0.45 
83 86 61.29 
83 87 4.61 
83 88 52.01 
83 89 69.05 
83 90 40.93 
83 91 82.48 
83 92 79.39 
83 93 58.24 
83 94 32.68 
83 95 38.92 
83 96 82.84 
83 97 33.50 
83 98 44.32 
83 99 37.70 
84 85 9.30 
84 86 83.93 
84 87 57.79 
84 88 39.10 
84 89 79.22 
84 90 89.63 
84 91 98.97 
84 92 69.07 
84 93 38.41 
84 94 77.58 
84 95 70.04 
84 96 13.85 
84 97 36.40 
84 98 90.23 
84 99 89.85 
85 86 20.10 
85 87 90.68 
85 88 51.14 
85 89 24.71 
85 90 42.68 
85 91 20.19 
85 92 65.63 
85 93 25.16 
85 94 99.57 
85 95 23.87 
85 96 57.84 
85 97 38.49 
85 98 6.71 
85 99 91.35 
86 87 82.81 
86 88 44.41 
86 89 0.65 
86 90 66.74 
86 91 2.19 
86 92 39.75 
86 93 45.96 
86 94 91.83 
86 95 38.72 
86 96 15.03 
86 97 30.23 
86 98 16.30 
86 99 85.07 
87 88 44.08 
87 89 52.70 
87 90 75.30 
87 91 33.93 
87 92 72.80 
87 93 65.98 
87 94 85.07 
87 95 97.50 
87 96 8.66 
87 97 5.26 
87 98 63.14 
87 99 33.82 
88 89 4.83 
88 90 87.01 
88 91 91.67 
88 92 43.33 
88 93 93.72 
88 94 83.02 
88 95 26.14 
88 96 38.12 
88 97 83.67 
88 98 92.88 
88 99 40.31 
89 90 23.42 
89 91 38.84 
89 92 32.14 
89 93 62.14 
89 94 53.88 
89 95 62.37 
89 96 78.44 
89 97 38.95 
89 98 6.46 
89 99 31.14 
90 91 14.26 
90 92 40.39 
90 93 3.93 
90 94 80.24 
90 95 25.46 
90 96 1.44 
90 97 88.90 
90 98 30.71 
90 99 64.57 
91 92 22.72 
91 93 35.55 
91 94 51.58 
91 95 14.39 
91 96 78.87 
91 97 45.29 
91 98 97.41 
91 99 5.02 
92 93 83.42 
92 94 81.07 
92 95 97.90 
92 96 23.73 
92 97 4.49 
92 98 36.75 
92 99 55.87 
93 94 66.63 
93 95 90.62 
93 96 18.25 
93 97 45.07 
93 98 29.57 
93 99 24.70 
94 95 76.20 
94 96 43.83 
94 97 65.09 
94 98 80.14 
94 99 24.06 
95 96 90.55 
95 97 81.57 
95 98 12.96 
95 99 21.26 
96 97 46.14 
96 98 35.68 
96 99 56.81 
97 98 97.72 
97 99 50.07 
98 99 35.68 

